0.327528
0.331959
0.332217
0.336229
0.336385
0.336956
0.334271
0.329444
0.333466
0.335407
0.329175
0.333253
0.336152
0.335014
0.335618
0.33447
0.334388
0.32846
0.330312
0.333689
0.330539
0.337259
0.335075
0.336967
0.333575
0.339617
0.335912
0.337168
0.3315
0.331088
0.33119
0.328115
0.329252
0.336222
0.336598
0.332926
0.336539
0.333889
0.333668
0.334217
0.332741
0.328068
0.336245
0.336393
0.328763
0.336877
0.333724
0.33434
0.32846
0.33701
0.334983
0.332704
0.332918
0.335924
0.329911
0.330286
0.337549
0.326489
0.32904
0.33382
0.331127
0.334593
0.332371
0.338303
0.333309
0.330694
0.330153
0.332695
0.335231
0.333731
0.33161
0.329587
0.338146
0.336512
0.335215
0.332093
0.33328
0.333872
0.328814
0.332458
0.331521
0.330743
0.334911
0.334359
0.33126
0.329372
0.333874
0.331596
0.332447
0.341332
0.33556
0.330598
0.339011
0.335113
0.33351
0.333115
0.33392
0.334663
0.335665
0.338283
0.336356
0.332031
0.33445
0.335021
0.3313
0.334449
0.330718
0.332288
0.335434
0.329772
0.330928
0.334321
0.33344
0.335254
0.327039
0.336396
0.331049
0.332573
0.331822
0.326591
0.33336
0.332327
0.338369
0.335272
0.3355
0.33277
0.330655
0.336271
0.335712
0.329109
0.329576
0.333285
0.33077
0.337545
0.331097
0.33353
0.334797
0.334842
0.336492
0.335642
0.332386
0.336589
0.336873
0.335719
0.33279
0.329706
0.338034
0.330308
0.335896
0.334904
0.334653
0.333651
0.339508
0.336155
0.338352
0.332215
0.339809
0.334752
0.334752
0.325289
0.337349
0.333207
0.336604
0.334912
0.332163
0.331059
0.335491
0.33251
0.334236
0.334076
0.335683
0.335926
0.335261
0.331858
0.327263
0.333101
0.33187
0.326868
0.339754
0.336595
0.336562
0.334329
0.340163
0.334976
0.336745
0.330813
0.333913
0.333573
0.335897
0.333394
0.329224
0.334694
0.329145
0.333912
0.333118
0.329296
0.336235
0.335478
0.333874
0.332941
0.331693
0.335283
0.334689
0.332403
0.332139
0.333724
0.332887
0.32971
0.33304
0.328638
0.33347
0.334293
0.332331
0.332923
0.329482
0.330054
0.333389
0.329981
0.333772
0.334401
0.330965
0.332688
0.330118
0.334587
0.332157
0.329355
0.336292
0.334194
0.337618
0.335465
0.336861
0.329779
0.332709
0.334377
0.331642
0.341303
0.333184
0.337015
0.32837
0.332378
0.333133
0.327282
0.33355
0.331811
0.330899
0.332929
0.326746
0.333628
0.334386
0.333724
0.333766
0.333154
0.328701
0.326858
0.335314
0.338442
0.332684
0.333993
0.331871
0.33612
0.328825
0.335165
0.329264
0.333287
0.334133
0.33336
0.332577
0.332237
0.332946
0.33611
0.331169
0.339814
0.338942
0.341765
0.333559
0.331777
0.335392
0.332887
0.339438
0.333229
0.333443
0.333482
0.332402
0.330765
0.331959
0.334763
0.329296
0.343587
0.334024
0.33125
0.334974
0.335739
0.330528
0.326034
0.343113
0.33621
0.330653
0.326918
0.333501
0.32797
0.332835
0.336252
0.328155
0.331663
0.334689
0.336061
0.331992
0.337544
0.333275
0.339188
0.332436
0.335309
0.331163
0.332233
0.330306
0.336453
0.331964
0.330999
0.334045
0.332086
0.331812
0.334884
0.332207
0.335827
0.33382
0.333856
0.327951
0.328904
0.33302
0.337452
0.336957
0.33024
0.328666
0.334431
0.337753
0.336645
0.328656
0.33425
0.333671
0.331319
0.33294
0.337397
0.334549
0.330448
0.332539
0.334866
0.333293
0.333997
0.327176
0.333341
0.330264
0.333899
0.333446
0.330945
0.330348
0.331331
0.335253
0.33156
0.334541
0.335236
0.329867
0.333309
0.337837
0.337183
0.33282
0.331994
0.33178
0.330185
0.332474
0.33778
0.333426
0.334264
0.335039
0.334996
0.334196
0.331571
0.339534
0.328693
0.332482
0.327818
0.330244
0.335741
0.333757
0.334335
0.332539
0.336746
0.333931
0.331012
0.336582
0.333194
0.333485
0.331909
0.327706
0.336443
0.339742
0.331262
0.333369
0.337742
0.334272
0.333099
0.336897
0.339487
0.331413
0.332635
0.332748
0.331152
0.331653
0.332541
0.330708
0.335507
0.333487
0.335275
0.3312
0.331303
0.336423
0.332722
0.336569
0.335636
0.333488
0.328909
0.330109
0.331632
0.332926
0.334735
0.333099
0.333871
0.3372
0.335155
0.332982
0.334713
0.334061
0.332075
0.335436
0.334578
0.326945
0.331767
0.33569
0.335102
0.336393
0.33266
0.332049
0.334122
0.333919
0.329205
0.334662
0.337327
0.338567
0.334517
0.333255
0.33375
0.333613
0.33102
0.328778
0.336019
0.331676
0.33592
0.335295
0.330895
0.33936
0.332065
0.336576
0.33363
0.332533
0.329843
0.329898
0.331577
0.330639
0.335743
0.338188
0.335803
0.332098
0.330982
0.333178
0.332775
0.324137
0.335964
0.334285
0.334177
0.335893
0.331974
0.33249
0.333128
0.334299
0.330865
0.332906
0.329103
0.33396
0.333707
0.332312
0.331135
0.334498
0.335659
0.335532
0.334144
0.332265
0.32834
0.330637
0.330877
0.327489
0.329938
0.333724
0.331694
0.333188
0.337219
0.331251
0.33339
0.333159
0.336788
0.332883
0.332995
0.330966
0.328218
0.329032
0.335534
0.329494
0.332505
0.334567
0.328606
0.33324
0.330703
0.334842
0.334958
0.333412
0.331712
0.330908
0.334274
0.334403
0.338951
0.334605
0.336889
0.336876
0.332593
0.331146
0.340628
0.331834
0.333233
0.331745
0.33502
0.331126
0.336226
0.333079
0.334414
0.330731
0.327061
0.336026
0.327072
0.336233
0.337276
0.333296
0.333734
0.331933
0.33509
0.33202
0.332801
0.335726
0.327739
0.333988
0.334738
0.326592
0.3362
0.333955
0.331049
0.334733
0.328802
0.334541
0.336529
0.331235
0.330605
0.334666
0.334089
0.336111
0.337348
0.33898
0.335749
0.337869
0.335982
0.331342
0.338799
0.328773
0.335079
0.336102
0.33297
0.337186
0.330371
0.334244
0.333785
0.334456
0.330118
0.334388
0.332445
0.328268
0.330433
0.334726
0.333193
0.326237
0.335326
0.33719
0.331038
0.33786
0.328572
0.334184
0.329873
0.33474
0.341101
0.329704
0.329658
0.331472
0.331222
0.33609
0.333645
0.329925
0.335269
0.336707
0.332634
0.333164
0.333056
0.33568
0.330838
0.331924
0.332171
0.33373
0.336904
0.336359
0.330925
0.329854
0.336143
0.335911
0.335531
0.33179
0.330982
0.335093
0.337865
0.333576
0.336595
0.332648
0.337869
0.332086
0.33168
0.334555
0.324419
0.334513
0.332817
0.329884
0.33425
0.335165
0.333759
0.332031
0.331261
0.332573
0.332547
0.338861
0.330106
0.334947
0.335697
0.334962
0.336566
0.333389
0.333808
0.335819
0.332944
0.332895
0.334116
0.338557
0.328623
0.338332
0.33319
0.330893
0.333496
0.332755
0.328274
0.334534
0.330466
0.333906
0.336043
0.332383
0.330541
0.332677
0.331256
0.333188
0.334386
0.33872
0.329537
0.331705
0.333536
0.330426
0.328025
0.331006
0.33429
0.33045
0.336661
0.333321
0.331535
0.335632
0.337032
0.33365
0.335373
0.332427
0.333786
0.331043
0.332598
0.325054
0.333193
0.337439
0.334968
0.32775
0.334814
0.334501
0.331584
0.338784
0.335246
0.333253
0.333844
0.336275
0.332853
0.337787
0.333728
0.331827
0.333584
0.334906
0.330321
0.334902
0.33105
0.330284
0.336402
0.336139
0.33142
0.337051
0.331087
0.335904
0.332022
0.329667
0.32914
0.334148
0.333015
0.336056
0.331738
0.336608
0.336471
0.331768
0.328567
0.33121
0.338125
0.337113
0.334022
0.335314
0.330988
0.333783
0.328957
0.33478
0.333408
0.327933
0.338739
0.33948
0.338105
0.331026
0.335006
0.334611
0.340316
0.328813
0.331466
0.335233
0.32962
0.33071
0.332124
0.3348
0.326945
0.33415
0.331044
0.334882
0.326669
0.33812
0.333918
0.328273
0.32808
0.333736
0.326691
0.331307
0.334871
0.333421
0.330331
0.333256
0.333332
0.333998
0.330969
0.332699
0.333166
0.337563
0.334126
0.333662
0.335233
0.331728
0.333915
0.332475
0.332316
0.332559
0.334501
0.33621
0.332179
0.327947
0.332274
0.337438
0.332409
0.328744
0.330304
0.34137
0.334206
0.336718
0.330052
0.332557
0.333002
0.333542
0.33536
0.336998
0.332881
0.336021
0.337408
0.328045
0.332194
0.336046
0.333889
0.33271
0.337064
0.336099
0.336917
0.334097
0.330143
0.337062
0.336481
0.335518
0.335408
0.333603
0.340526
0.334455
0.336843
0.33139
0.331419
0.329876
0.341628
0.333759
0.330596
0.327875
0.338681
0.331077
0.331469
0.338719
0.33697
0.333462
0.330055
0.33565
0.328465
0.328137
0.333564
0.334761
0.328394
0.333248
0.336551
0.333797
0.333335
0.331954
0.333344
0.328628
0.333385
0.330109
0.334589
0.331685
0.332812
0.332627
0.332745
0.330907
0.331441
0.331248
0.336376
0.333788
0.332271
0.332617
0.333315
0.334766
0.33979
0.333667
0.331399
0.331564
0.335538
0.329677
0.330965
0.333591
0.33702
0.337245
0.337687
0.331691
0.331473
0.33817
0.3374
0.339716
0.332761
0.332114
0.331295
0.337695
0.331568
0.337311
0.334667
0.333248
0.334513
0.33196
0.33129
0.327992
0.332177
0.333208
0.335299
0.333397
0.331123
0.335028
0.335019
0.33376
0.332734
0.33209
0.331839
0.329192
0.337924
0.334273
0.33392
0.338493
0.332305
0.340325
0.335603
0.332915
0.329552
0.33444
0.336146
0.33185
0.336301
0.335126
0.333021
0.339078
0.336091
0.332931
0.327547
0.330774
0.336896
0.332443
0.329117
0.336825
0.333407
0.333267
0.328484
0.331227
0.336393
0.337384
0.331748
0.333365
0.333293
0.334874
0.331442
0.335918
0.336957
0.329598
0.334096
0.331901
0.328659
0.336455
0.33217
0.327379
0.327417
0.336052
0.33115
0.334599
0.333937
0.331555
0.338722
0.337648
0.337631
0.338654
0.329588
0.341098
0.334674
0.334696
0.332187
0.336471
0.334275
0.336549
0.331463
0.329146
0.329839
0.329869
0.331933
0.32723
0.333779
0.332517
0.339905
0.328825
0.324428
0.332696
0.335507
0.330358
0.331966
0.337638
0.334199
0.334236
0.335178
0.336289
0.331779
0.330322
0.331145
0.329625
0.327507
0.33886
0.328964
0.334367
0.32819
0.33438
0.336928
0.329719
0.329285
0.334392
0.330923
0.33071
0.337312
0.326955
0.331452
0.332411
0.333596
0.336043
0.333788
0.329933
0.333888
0.335271
0.329546
0.328196
0.329587
0.331345
0.331424
0.331602
0.330729
0.334093
0.330787
0.330518
0.337506
0.334112
0.327848
0.33179
0.33482
0.33042
0.329606
0.334532
0.33585
0.331257
0.334867
0.330515
0.335542
0.332738
0.334651
0.334622
0.33366
0.331883
0.333604
0.331304
0.334092
0.330563
0.332952
0.336914
0.333376
0.33258
0.335582
0.335147
0.332157
0.338017
0.335904
0.3399
0.331627
0.334461
0.33656
0.332857
0.33256
0.329535
0.335138
0.33739
0.328802
0.337227
0.332703
0.343057
0.337263
0.341514
0.331979
0.33507
0.330174
0.332696
0.335175
0.33627
0.32655
0.339446
0.334687
0.331232
0.333758
0.336418
0.335829
0.329134
0.331104
0.330002
0.333018
0.331795
0.337314
0.337984
0.335114
0.331582
0.334323
0.333741
0.331828
0.332955
0.334706
0.334936
0.340716
0.334275
0.332666
0.336495
0.33369
0.331587
0.332859
0.334704
0.337283
0.339633
0.330929
0.332533
0.330516
0.329101
0.330374
0.334152
0.336214
0.32989
0.33633
0.335764
0.334523
0.337287
0.329516
0.335884
0.331847
0.332849
0.337283
0.333013
0.335993
0.334604
0.332312
0.335914
0.33134
0.332061
0.334479
0.330772
0.329529
0.332926
0.332757
0.335182
0.331141
0.333545
0.334546
0.334343
0.335566
0.33296
0.333189
0.33818
0.329966
0.338167
0.332687
0.335104
0.332146
0.333842
0.335466
0.334567
0.336428
0.331408
0.333624
0.333817
0.33293
0.330997
0.326813
0.336751
0.329833
0.326893
0.335364
0.334312
0.332814
0.33315
0.332698
0.335503
0.334152
0.335193
0.334297
0.337516
0.335256
0.335165
0.333275
0.334776
0.336539
0.335074
0.334491
0.335604
0.336226
0.328588
0.337592
0.33018
0.336741
0.333785
0.330679
0.329105
0.334701
0.334073
0.332286
0.335485
0.334137
0.327526
0.334328
0.335484
0.33074
0.334707
0.331083
0.325869
0.335591
0.328233
0.327425
0.3311
0.331129
0.327963
0.333043
0.332312
0.333673
0.335423
0.331327
0.333656
0.336854
0.327654
0.331569
0.331095
0.330318
0.339809
0.337106
0.33328
0.335513
0.329887
0.338545
0.331822
0.329421
0.336846
0.333757
0.333471
0.327909
0.337112
0.333096
0.336667
0.336961
0.333073
0.331638
0.3315
0.332493
0.330583
0.330569
0.333316
0.33603
0.330178
0.33558
0.333535
0.334358
0.334245
0.337938
0.342298
0.33788
0.33317
0.333548
0.333334
0.332397
0.330105
0.330688
0.333833
0.328862
0.329105
0.338988
0.332948
0.335199
0.332392
0.335837
0.334341
0.338541
0.335454
0.333738
0.336554
0.334326
0.336944
0.334485
0.336998
0.32958
0.327658
0.328749
0.332958
0.335928
0.334007
0.334093
0.332046
0.332595
0.329073
0.333478
0.332385
0.331179
0.329547
0.328367
0.334649
0.332409
0.334542
0.333883
0.337883
0.335438
0.329877
0.334447
0.332172
0.329496
0.330386
0.337118
0.333514
0.325115
0.33374
0.333344
0.330136
0.332309
0.328519
0.329438
0.330376
0.33313
0.331994
0.334535
0.32953
0.334758
0.330901
0.331281
0.331437
0.333565
0.338826
0.336475
0.33143
0.334142
0.336173
0.331672
0.33007
0.333958
0.33423
0.331697
0.334862
0.326471
0.332641
0.337107
0.328877
0.335855
0.330329
0.335672
0.331919
0.328498
0.337962
0.332285
0.334075
0.328448
0.331954
0.332759
0.335622
0.334208
0.332788
0.335226
0.330812
0.330462
0.335796
0.332524
0.334841
0.33651
0.333066
0.332908
0.33299
0.338384
0.331196
0.333347
0.331297
0.333259
0.331561
0.335821
0.332795
0.333751
0.333571
0.336364
0.335277
0.325907
0.334918
0.336834
0.330987
0.337744
0.333678
0.331322
0.330896
0.333589
0.335256
0.335541
0.337274
0.329841
0.332607
0.331743
0.329078
0.336821
0.33538
0.337039
0.32961
0.327231
0.331749
0.332544
0.33378
0.334059
0.333878
0.328576
0.334048
0.3371
0.336842
0.332503
0.335342
0.337024
0.335269
0.333083
0.334798
0.33545
0.334521
0.328622
0.336481
0.331217
0.335277
0.334424
0.333709
0.335978
0.334191
0.336023
0.332553
0.32679
0.338429
0.336816
0.337396
0.334189
0.335186
0.335839
0.33371
0.333702
0.337988
0.334893
0.334663
0.325761
0.335983
0.331677
0.334093
0.331061
0.330696
0.336554
0.341418
0.33027
0.336485
0.3326
0.334493
0.329631
0.330382
0.331369
0.329183
0.334053
0.327242
0.33656
0.329384
0.334758
0.32996
0.331569
0.332321
0.339277
0.338341
0.334663
0.3358
0.335215
0.333806
0.332671
0.329216
0.333248
0.334107
0.336992
0.333599
0.33477
0.330438
0.333987
0.337051
0.330356
0.333699
0.326962
0.334556
0.33344
0.331594
0.333405
0.337113
0.332914
0.333354
0.333981
0.329543
0.342702
0.331625
0.33739
0.337308
0.329998
0.333093
0.333511
0.333823
0.332583
0.331431
0.331556
0.331781
0.333809
0.328512
0.337464
0.336048
0.333065
0.33161
0.335531
0.334609
0.335102
0.334199
0.341962
0.335717
0.335781
0.32774
0.332992
0.331521
0.337065
0.335176
0.334059
0.32855
0.327995
0.334114
0.336728
0.334786
0.332744
0.332286
0.326875
0.332191
0.33511
0.336762
0.330916
0.335554
0.327757
0.331064
0.329601
0.333193
0.330795
0.331948
0.333768
0.335286
0.332187
0.331794
0.3295
0.333598
0.336316
0.332541
0.335021
0.328535
0.332589
0.339044
0.334884
0.335564
0.337388
0.330367
0.333881
0.330729
0.331042
0.331649
0.325925
0.332775
0.335599
0.327245
0.334251
0.335004
0.334004
0.332993
0.334473
0.337198
0.333277
0.333703
0.329623
0.331969
0.331854
0.331438
0.333851
0.339227
0.328878
0.334372
0.337471
0.333797
0.332893
0.334355
0.334537
0.335708
0.334584
0.330474
0.335667
0.328673
0.336431
0.330542
0.333151
0.33393
0.331416
0.330445
0.33181
0.332748
0.333969
0.332062
0.331052
0.33083
0.336014
0.329521
0.33653
0.339039
0.329738
0.338045
0.335268
0.329202
0.327663
0.336
0.336216
0.332369
0.331924
0.33593
0.335991
0.335275
0.330219
0.331325
0.334947
0.332146
0.333754
0.326469
0.33528
0.330114
0.332704
0.332581
0.330399
0.335031
0.337968
0.339173
0.331215
0.329454
0.33138
0.335515
0.345672
0.335158
0.337407
0.326861
0.331255
0.334446
0.33512
0.333059
0.335971
0.334007
0.334694
0.33639
0.333993
0.330982
0.333783
0.337664
0.333601
0.329889
0.334576
0.328593
0.3359
0.337104
0.327635
0.331381
0.330317
0.336173
0.335602
0.336233
0.333157
0.332575
0.333208
0.333566
0.334207
0.333764
0.333376
0.33048
0.330034
0.336778
0.337768
0.332933
0.334028
0.335861
0.329451
0.334979
0.333674
0.329634
0.32984
0.335216
0.332694
0.33774
0.327312
0.332336
0.333611
0.326675
0.330457
0.332211
0.336536
0.327328
0.331781
0.332777
0.331952
0.335759
0.331618
0.333179
0.331671
0.335794
0.333009
0.330288
0.339055
0.332592
0.338419
0.334147
0.327716
0.330332
0.329837
0.334533
0.331737
0.33087
0.337422
0.335321
0.338813
0.328281
0.334869
0.329536
0.328416
0.331505
0.338343
0.338079
0.332204
0.337815
0.332478
0.332825
0.337213
0.330259
0.33609
0.329376
0.333852
0.332829
0.334781
0.332893
0.329813
0.336745
0.336909
0.327197
0.335686
0.338919
0.333153
0.332164
0.336024
0.334144
0.333059
0.327804
0.334856
0.330276
0.334525
0.333826
0.332321
0.330653
0.336828
0.330602
0.334933
0.332078
0.333529
0.335552
0.333259
0.330943
0.332349
0.341733
0.330826
0.33233
0.329402
0.332823
0.331287
0.335677
0.33197
0.332225
0.333086
0.329825
0.334034
0.335704
0.334428
0.329119
0.334929
0.331887
0.331451
0.3303
0.331019
0.336331
0.331602
0.335847
0.329762
0.328428
0.332676
0.331525
0.327087
0.331724
0.335887
0.334045
0.333918
0.334829
0.336091
0.332759
0.335658
0.332854
0.330831
0.33363
0.332042
0.331717
0.32818
0.339068
0.333544
0.334356
0.329828
0.332693
0.329545
0.334295
0.33325
0.329038
0.333229
0.333256
0.335805
0.334847
0.332372
0.336563
0.336168
0.335809
0.334226
0.331168
0.335665
0.325693
0.336123
0.33365
0.33619
0.33206
0.333072
0.330582
0.33032
0.331348
0.335458
0.331787
0.331264
0.326228
0.335058
0.337651
0.3316
0.331378
0.333159
0.333863
0.333054
0.334583
0.335907
0.334843
0.332942
0.329927
0.332226
0.330276
0.332394
0.332414
0.332771
0.331071
0.337973
0.336843
0.336325
0.328018
0.334391
0.331458
0.333821
0.331517
0.333867
0.334946
0.330732
0.328371
0.33806
0.336205
0.329694
0.330179
0.338843
0.336931
0.336703
0.335568
0.326499
0.330912
0.334312
0.337143
0.336957
0.334252
0.338766
0.33299
0.330133
0.332971
0.334038
0.33613
0.336197
0.329225
0.332976
0.328544
0.333632
0.333149
0.331598
0.337676
0.33095
0.322388
0.336779
0.335398
0.336924
0.334106
0.331778
0.332003
0.333923
0.333192
0.330518
0.333745
0.332629
0.335167
0.332776
0.33333
0.321133
0.33504
0.329173
0.333166
0.335743
0.334453
0.32715
0.333493
0.331121
0.335646
0.340058
0.331585
0.33769
0.337534
0.332216
0.332053
0.329992
0.335551
0.332205
0.339644
0.33372
0.333736
0.33242
0.336803
0.333911
0.338152
0.332726
0.333678
0.332807
0.329103
0.335173
0.334992
0.33545
0.327565
0.336276
0.330988
0.327286
0.330615
0.336367
0.338382
0.337163
0.330219
0.333284
0.337708
0.335753
0.335481
0.334185
0.331019
0.331537
0.331014
0.332069
0.331322
0.331692
0.332691
0.334754
0.334525
0.333474
0.333793
0.335886
0.328501
0.329501
0.330728
0.332816
0.333815
0.329513
0.334152
0.336374
0.333616
0.331786
0.324738
0.329827
0.331323
0.337598
0.328127
0.331681
0.331965
0.330466
0.331172
0.336423
0.333204
0.336099
0.329362
0.329899
0.340271
0.335421
0.338584
0.332563
0.332363
0.335856
0.33735
0.341672
0.330593
0.333496
0.333034
0.336496
0.33086
0.332615
0.333494
0.338001
0.336539
0.336127
0.33273
0.337234
0.337744
0.328856
0.330107
0.33867
0.336992
0.332704
0.324448
0.334851
0.332364
0.330798
0.332698
0.329452
0.328935
0.335668
0.333587
0.329432
0.330745
0.333537
0.334956
0.332885
0.329767
0.326355
0.331752
0.334695
0.332242
0.333297
0.333498
0.333387
0.332627
0.329484
0.336219
0.324262
0.334133
0.333094
0.329216
0.330496
0.331094
0.33644
0.333349
0.331553
0.330014
0.332477
0.334337
0.336591
0.333933
0.334588
0.330595
0.334197
0.327849
0.333518
0.332474
0.333979
0.335798
0.330701
0.338987
0.333911
0.331428
0.333767
0.333976
0.331493
0.334945
0.328082
0.329757
0.32973
0.331308
0.33303
0.335566
0.329322
0.334646
0.336969
0.342626
0.332533
0.333633
0.338534
0.336181
0.332346
0.334192
0.332
0.329541
0.338378
0.332615
0.32907
0.332202
0.33483
0.33004
0.332785
0.333047
0.330857
0.338653
0.329147
0.332105
0.332314
0.329229
0.334325
0.328928
0.334723
0.334862
0.334327
0.334972
0.330659
0.326896
0.331583
0.338397
0.332012
0.331147
0.333137
0.328559
0.330932
0.332722
0.329012
0.342151
0.334357
0.338453
0.331218
0.327683
0.330598
0.330266
0.331842
0.33115
0.335404
0.33468
0.328227
0.32941
0.332051
0.337518
0.333446
0.3368
0.330642
0.332184
0.333126
0.331214
0.332949
0.333576
0.33261
0.333055
0.33184
0.332455
0.329934
0.33098
0.3315
0.335479
0.338268
0.331863
0.334898
0.332695
0.333216
0.333748
0.333811
0.334618
0.328136
0.331004
0.328436
0.333126
0.328986
0.333086
0.334597
0.332501
0.335899
0.332317
0.335055
0.336501
0.33626
0.331876
0.333531
0.33211
0.331184
0.333489
0.332096
0.329126
0.333152
0.332839
0.333573
0.335173
0.333656
0.331481
0.338569
0.333795
0.335487
0.331676
0.333704
0.335474
0.330007
0.328973
0.331082
0.338895
0.32655
0.336733
0.333418
0.338643
0.335135
0.338546
0.332941
0.334295
0.332864
0.33347
0.33211
0.33332
0.337064
0.331761
0.328928
0.338257
0.332806
0.329025
0.326269
0.335788
0.337666
0.332406
0.331337
0.326812
0.332213
0.334677
0.332625
0.329538
0.334469
0.332561
0.329806
0.33307
0.334231
0.332632
0.331259
0.338034
0.332338
0.332939
0.336712
0.334704
0.334714
0.33016
0.327975
0.328881
0.337451
0.337464
0.338095
0.33225
0.336077
0.334599
0.333306
0.334491
0.337057
0.337562
0.330691
0.337751
0.331824
0.333808
0.330564
0.332487
0.329673
0.33675
0.330466
0.338439
0.329537
0.33717
0.331782
0.332375
0.333163
0.335889
0.334056
0.331028
0.333827
0.336777
0.333791
0.332785
0.333676
0.332261
0.332045
0.336247
0.337854
0.336136
0.332878
0.333246
0.338009
0.333833
0.329047
0.335875
0.333222
0.330815
0.330798
0.336203
0.334054
0.329496
0.335018
0.328521
0.337267
0.332175
0.332651
0.333641
0.336039
0.336884
0.330726
0.329362
0.333228
0.331071
0.327749
0.329927
0.330716
0.331389
0.334817
0.330303
0.332932
0.334731
0.330741
0.3326
0.334151
0.329978
0.334353
0.333634
0.335244
0.327642
0.337624
0.332664
0.332136
0.327563
0.332502
0.329606
0.327699
0.339845
0.32785
0.330857
0.333503
0.334472
0.33345
0.336296
0.331457
0.328821
0.336834
0.335474
0.335683
0.337051
0.333785
0.331974
0.327874
0.33622
0.330512
0.333616
0.336144
0.33171
0.331899
0.32893
0.333374
0.33077
0.338846
0.332863
0.336508
0.332864
0.326332
0.330848
0.335514
0.330625
0.333437
0.333404
0.331937
0.327858
0.337663
0.335065
0.335715
0.336814
0.33077
0.337035
0.327436
0.337253
0.333672
0.331333
0.332029
0.338241
0.329791
0.331743
0.329326
0.331932
0.335631
0.333599
0.33354
0.3315
0.332472
0.33387
0.33176
0.331045
0.328466
0.329447
0.333394
0.335096
0.336425
0.336624
0.336776
0.33271
0.333623
0.332955
0.333454
0.32883
0.334209
0.333295
0.338108
0.337907
0.335457
0.332372
0.335503
0.327501
0.337678
0.335184
0.335659
0.332361
0.334143
0.329815
0.332187
0.331751
0.332407
0.332548
0.331323
0.335255
0.34027
0.330073
0.328132
0.330755
0.3348
0.333354
0.332846
0.335648
0.329023
0.333832
0.330449
0.334483
0.327753
0.334613
0.335171
0.3356
0.33105
0.334361
0.333488
0.328503
0.333748
0.33261
0.335299
0.333476
0.33603
0.329826
0.330462
0.332285
0.331811
0.329815
0.335563
0.338179
0.331801
0.329983
0.327898
0.332093
0.338426
0.33426
0.339314
0.333455
0.334161
0.3316
0.33448
0.328991
0.334248
0.337177
0.336933
0.331493
0.333995
0.333086
0.330905
0.329609
0.338546
0.329535
0.336312
0.333146
0.333032
0.330981
0.331623
0.330063
0.33023
0.333417
0.336754
0.333259
0.333512
0.328315
0.335134
0.335562
0.333431
0.331309
0.331463
0.335259
0.333899
0.329547
0.325453
0.336481
0.332202
0.335615
0.339169
0.33324
0.333265
0.332596
0.334997
0.33017
0.330466
0.332473
0.334756
0.335142
0.329213
0.329799
0.331712
0.330897
0.331328
0.333706
0.329496
0.335298
0.334648
0.331561
0.333925
0.333846
0.337092
0.334756
0.331051
0.331655
0.332932
0.332619
0.328762
0.334502
0.32914
0.334422
0.337557
0.332963
0.33194
0.331347
0.333866
0.332362
0.33728
0.33202
0.333867
0.330399
0.33332
0.336255
0.329548
0.340043
0.330897
0.334425
0.334654
0.335248
0.330741
0.338189
0.333046
0.329253
0.33342
0.336451
0.330334
0.332155
0.332262
0.326555
0.333285
0.337123
0.331888
0.332067
0.335748
0.334153
0.335761
0.335223
0.336357
0.333108
0.33392
0.335185
0.333662
0.332298
0.331685
0.331764
0.330566
0.332647
0.330692
0.331562
0.337582
0.33344
0.333162
0.33876
0.338164
0.33213
0.333588
0.333974
0.332569
0.335797
0.330963
0.331182
0.328787
0.33506
0.331056
0.331125
0.335281
0.334806
0.334753
0.333308
0.335727
0.33304
0.330871
0.329112
0.333759
0.33769
0.334751
0.334331
0.333805
0.329921
0.331375
0.337568
0.331894
0.336416
0.33509
0.331115
0.334066
0.330666
0.33634
0.333071
0.330675
0.332409
0.33584
0.331001
0.331509
0.335904
0.332476
0.33418
0.333882
0.332568
0.331947
0.334531
0.331811
0.334758
0.33446
0.329799
0.338379
0.333412
0.331994
0.335201
0.329461
0.337357
0.331971
0.336379
0.332348
0.342609
0.333028
0.338116
0.33158
0.332353
0.331279
0.339699
0.335271
0.332693
0.333878
0.336388
0.334322
0.331389
0.333733
0.331146
0.329489
0.332635
0.335614
0.340494
0.333239
0.333336
0.334415
0.334238
0.336429
0.331087
0.329852
0.330297
0.333026
0.334719
0.330661
0.329018
0.33338
0.334994
0.331379
0.331007
0.333474
0.333085
0.326279
0.333066
0.334366
0.336706
0.331652
0.331703
0.337623
0.33421
0.33396
0.335497
0.328493
0.332685
0.332707
0.341546
0.327581
0.328747
0.335061
0.334266
0.338474
0.335828
0.334028
0.335905
0.331599
0.332827
0.331203
0.34064
0.336434
0.335043
0.335784
0.329581
0.337704
0.337546
0.335085
0.337028
0.331737
0.332606
0.334666
0.330899
0.333491
0.333467
0.326063
0.335479
0.330879
0.333067
0.328846
0.330693
0.336671
0.331918
0.336809
0.33365
0.335781
0.336237
0.336194
0.33658
0.330293
0.33373
0.332298
0.332758
0.331968
0.331998
0.335361
0.328374
0.334847
0.333299
0.331801
0.331058
0.331545
0.334229
0.328038
0.333001
0.334671
0.335112
0.329032
0.336815
0.334929
0.33205
0.339424
0.337103
0.33086
0.33843
0.334451
0.33174
0.331504
0.335107
0.333263
0.332573
0.33825
0.33466
0.330208
0.327893
0.337022
0.334135
0.340209
0.334133
0.338259
0.331485
0.334106
0.333854
0.337449
0.339424
0.333915
0.332839
0.330486
0.335011
0.333784
0.335724
0.329918
0.332052
0.329754
0.334068
0.3362
0.336781
0.330698
0.334847
0.335417
0.331051
0.335482
0.335807
0.328147
0.330779
0.336095
0.335924
0.332016
0.338683
0.336555
0.332362
0.331156
0.330586
0.336732
0.339109
0.330467
0.328778
0.332701
0.329804
0.331013
0.331415
0.333251
0.330555
0.335578
0.331003
0.336985
0.338968
0.335898
0.33086
0.336662
0.329575
0.334204
0.331435
0.331928
0.332837
0.329917
0.329807
0.33364
0.336357
0.338614
0.337062
0.334832
0.3346
0.330438
0.336339
0.336389
0.337217
0.334576
0.330282
0.337953
0.331936
0.335773
0.329404
0.333565
0.335623
0.333162
0.337071
0.334301
0.327319
0.331993
0.332875
0.328961
0.336308
0.340176
0.327968
0.331385
0.330101
0.333862
0.333459
0.336482
0.328293
0.329084
0.330847
0.333906
0.333776
0.331516
0.336293
0.33031
0.333923
0.334399
0.332211
0.33221
0.330028
0.331788
0.333648
0.335664
0.332765
0.328651
0.332831
0.329184
0.334132
0.330627
0.333534
0.339371
0.334605
0.33291
0.333067
0.335553
0.337237
0.331838
0.330201
0.335532
0.332783
0.337096
0.332237
0.338687
0.335547
0.336644
0.328067
0.33226
0.336075
0.336121
0.333712
0.335058
0.338188
0.331266
0.33313
0.333723
0.330196
0.333949
0.330069
0.333836
0.331533
0.336178
0.330161
0.335304
0.336633
0.331917
0.335793
0.332432
0.329872
0.33485
0.329914
0.332964
0.334256
0.334126
0.335186
0.338498
0.331327
0.33268
0.330664
0.333626
0.333785
0.338254
0.331127
0.334555
0.337731
0.335652
0.333785
0.335677
0.32978
0.334347
0.333414
0.335312
0.336945
0.33006
0.33262
0.332087
0.330186
0.335115
0.330191
0.336057
0.330858
0.334076
0.338301
0.336178
0.334846
0.333395
0.336827
0.339537
0.330374
0.331182
0.330914
0.333772
0.33119
0.334729
0.333935
0.334884
0.335908
0.333308
0.333883
0.335574
0.334436
0.328706
0.327616
0.332833
0.33655
0.338965
0.335503
0.33423
0.336227
0.334869
0.336892
0.334434
0.332071
0.330517
0.334349
0.33582
0.334783
0.327432
0.336107
0.329552
0.334803
0.33756
0.33045
0.329627
0.334114
0.334181
0.33431
0.335122
0.332271
0.329771
0.330102
0.337228
0.330701
0.335213
0.326591
0.332321
0.331576
0.332486
0.334362
0.332842
0.344215
0.33437
0.328308
0.331105
0.326745
0.329415
0.32839
0.332166
0.328416
0.331828
0.332264
0.331133
0.340313
0.332897
0.33238
0.329457
0.327153
0.329095
0.332936
0.329825
0.329945
0.333937
0.334096
0.33082
0.331523
0.32746
0.332047
0.336025
0.327809
0.338526
0.338238
0.334962
0.332082
0.329794
0.326736
0.334769
0.329739
0.332558
0.333375
0.331657
0.336002
0.330097
0.332757
0.334191
0.337082
0.331248
0.336019
0.332144
0.329787
0.331014
0.331996
0.334727
0.335478
0.333707
0.330448
0.331492
0.33601
0.330481
0.330245
0.336685
0.337551
0.332244
0.336937
0.336491
0.330837
0.330989
0.334295
0.329061
0.332106
0.333687
0.329827
0.333281
0.339779
0.334649
0.333187
0.334616
0.331727
0.342603
0.33236
0.328827
0.339424
0.326896
0.336648
0.332592
0.333531
0.334012
0.330587
0.330746
0.331929
0.335574
0.33621
0.33288
0.336025
0.331616
0.329592
0.337204
0.332968
0.333836
0.333939
0.325751
0.3267
0.335467
0.337837
0.337167
0.335241
0.328042
0.329242
0.32878
0.337999
0.334345
0.331263
0.331063
0.328914
0.331025
0.333347
0.335219
0.333177
0.337489
0.33012
0.334436
0.334911
0.331044
0.332327
0.334898
0.338202
0.334266
0.335686
0.336121
0.333012
0.336162
0.331582
0.338103
0.338691
0.331452
0.338559
0.331207
0.332724
0.336275
0.335254
0.333772
0.325692
0.33604
0.333879
0.327916
0.336144
0.331117
0.335253
0.330932
0.33081
0.33378
0.336166
0.338483
0.333875
0.33114
0.331977
0.331631
0.327677
0.341044
0.331006
0.337749
0.333863
0.334681
0.334915
0.338358
0.331235
0.335745
0.327914
0.330239
0.337109
0.331692
0.337837
0.328745
0.328641
0.336314
0.3329
0.333272
0.334611
0.33324
0.338452
0.335181
0.334965
0.334341
0.335569
0.331654
0.338186
0.335631
0.335221
0.337534
0.336431
0.33705
0.327837
0.330403
0.334177
0.328132
0.33892
0.332314
0.33009
0.331954
0.333798
0.330643
0.336467
0.336255
0.335386
0.330514
0.335565
0.332996
0.337984
0.333637
0.33249
0.337417
0.328326
0.33583
0.330699
0.329849
0.338926
0.330825
0.332143
0.332941
0.334459
0.3322
0.334371
0.335605
0.332968
0.333819
0.331975
0.33594
0.331712
0.338442
0.333995
0.328228
0.332747
0.333887
0.332827
0.333543
0.333948
0.332687
0.33497
0.334734
0.337851
0.334237
0.329524
0.337654
0.334534
0.332737
0.333313
0.336053
0.336663
0.332465
0.336288
0.332225
0.334859
0.331872
0.336138
0.334418
0.333484
0.333103
0.331964
0.335565
0.338059
0.333914
0.330664
0.335583
0.332987
0.333708
0.33439
0.338499
0.329703
0.333036
0.33384
0.334931
0.328494
0.330101
0.336267
0.332862
0.334495
0.334743
0.332819
0.333646
0.333182
0.335738
0.330943
0.328936
0.333071
0.332492
0.331788
0.329483
0.336303
0.330292
0.337756
0.34058
0.334021
0.331976
0.336706
0.335516
0.334896
0.332126
0.332486
0.33184
0.332411
0.337607
0.330431
0.328645
0.33351
0.338885
0.334075
0.33841
0.331161
0.333236
0.333553
0.336433
0.331627
0.333918
0.330693
0.333022
0.333399
0.332357
0.333682
0.330524
0.333991
0.334763
0.333204
0.329192
0.337192
0.329851
0.330751
0.334098
0.332011
0.331535
0.332961
0.328401
0.330038
0.338153
0.333528
0.33605
0.332459
0.333935
0.331275
0.332582
0.335371
0.337813
0.337613
0.332277
0.33601
0.331534
0.334987
0.332691
0.334414
0.331412
0.334292
0.335976
0.330591
0.334767
0.327756
0.332223
0.33229
0.339955
0.330691
0.336406
0.335599
0.330288
0.333605
0.339892
0.334427
0.336883
0.336859
0.338691
0.333509
0.331933
0.333263
0.331537
0.333513
0.333433
0.334642
0.334135
0.330082
0.335866
0.331348
0.329645
0.333493
0.330433
0.333641
0.338715
0.328932
0.334363
0.329737
0.3284
0.333505
0.330565
0.335498
0.332287
0.335511
0.32979
0.328755
0.330178
0.33708
0.336187
0.337244
0.333041
0.329529
0.331482
0.327223
0.33178
0.331936
0.33256
0.33114
0.334804
0.330939
0.337325
0.33403
0.335078
0.330168
0.337164
0.335952
0.335346
0.329954
0.334076
0.332086
0.336764
0.333157
0.333992
0.332116
0.333653
0.33122
0.331677
0.335144
0.328707
0.327278
0.335326
0.333557
0.33285
0.331836
0.336537
0.333525
0.339826
0.334502
0.332025
0.339433
0.335296
0.337053
0.33316
0.33013
0.333022
0.332716
0.336183
0.332305
0.335489
0.333152
0.332212
0.336254
0.336333
0.331866
0.334797
0.33408
0.335725
0.32849
0.336858
0.330536
0.335245
0.338064
0.32758
0.337553
0.33214
0.333235
0.33021
0.329917
0.336028
0.331064
0.331073
0.33365
0.330831
0.331785
0.335344
0.3367
0.333274
0.335718
0.331473
0.336199
0.333197
0.331849
0.334921
0.337648
0.336485
0.332072
0.330088
0.33703
0.335951
0.331702
0.331211
0.335156
0.334606
0.334363
0.332543
0.336157
0.329568
0.334298
0.329442
0.335023
0.33069
0.330117
0.33337
0.336125
0.333571
0.33228
0.329942
0.33365
0.334409
0.338277
0.331428
0.332006
0.332556
0.331847
0.33164
0.339138
0.333256
0.34073
0.33438
0.332987
0.331335
0.33072
0.332686
0.329291
0.338972
0.334297
0.328103
0.331143
0.327621
0.325709
0.331923
0.334486
0.332395
0.333945
0.331003
0.33161
0.334056
0.334902
0.334847
0.330334
0.333533
0.331358
0.331661
0.33122
0.334137
0.334134
0.330607
0.330557
0.328718
0.335676
0.337364
0.328069
0.329219
0.333609
0.332611
0.334803
0.332907
0.331988
0.332191
0.330777
0.333605
0.330817
0.33295
0.337293
0.33056
0.332527
0.33561
0.331869
0.328791
0.336795
0.33649
0.336183
0.332662
0.335558
0.33374
0.329938
0.333235
0.33133
0.333562
0.336901
0.332829
0.332372
0.333221
0.331126
0.335076
0.333924
0.325788
0.332303
0.33119
0.332687
0.330782
0.333892
0.331271
0.32901
0.328581
0.333311
0.336021
0.333569
0.341149
0.335817
0.330729
0.327284
0.331122
0.334669
0.338063
0.333501
0.336975
0.333782
0.339189
0.334112
0.334033
0.333344
0.336233
0.333923
0.331729
0.330349
0.330359
0.336145
0.334387
0.335527
0.335036
0.334494
0.332592
0.339399
0.331613
0.331456
0.32719
0.332011
0.334562
0.335763
0.329789
0.33405
0.337832
0.33364
0.337169
0.336908
0.331926
0.334345
0.333083
0.339713
0.33387
0.335333
0.329139
0.33138
0.333495
0.329376
0.33169
0.335513
0.335198
0.331368
0.339802
0.33463
0.337966
0.332649
0.332015
0.334132
0.329973
0.331499
0.335179
0.327239
0.329216
0.329633
0.334383
0.33426
0.329716
0.332873
0.329389
0.33693
0.334446
0.336792
0.336335
0.335032
0.330232
0.335176
0.332357
0.332393
0.335295
0.334635
0.334781
0.337162
0.331992
0.339352
0.337845
0.327787
0.327867
0.339471
0.33526
0.33456
0.334
0.330435
0.331622
0.334478
0.334406
0.33302
0.333014
0.332708
0.334564
0.33209
0.333951
0.333148
0.329271
0.338241
0.333592
0.340595
0.332921
0.327854
0.331062
0.333689
0.331821
0.33866
0.334266
0.329505
0.331978
0.331364
0.334535
0.336685
0.335027
0.334156
0.331111
0.332929
0.33314
0.331341
0.335767
0.329955
0.329343
0.335702
0.338118
0.340177
0.331708
0.335202
0.33431
0.333604
0.333284
0.337664
0.334744
0.330235
0.338916
0.334175
0.331586
0.334139
0.334291
0.332834
0.336351
0.33249
0.338155
0.330574
0.332798
0.333895
0.335479
0.33841
0.339101
0.337711
0.3337
0.33316
0.339881
0.335805
0.331549
0.328075
0.333612
0.332997
0.329482
0.331408
0.328971
0.332724
0.331712
0.331165
0.331525
0.331289
0.336025
0.33734
0.336932
0.333684
0.327914
0.326874
0.336442
0.334863
0.333935
0.3324
0.328006
0.331601
0.338902
0.339536
0.334781
0.32916
0.329802
0.331276
0.332246
0.337369
0.327092
0.338279
0.329601
0.331921
0.331847
0.330211
0.333999
0.334807
0.337715
0.331763
0.332715
0.33013
0.339515
0.33902
0.333601
0.333931
0.335885
0.329827
0.334421
0.336807
0.332941
0.333377
0.334335
0.328513
0.331761
0.334235
0.332135
0.338736
0.333827
0.328947
0.33641
0.333516
0.337775
0.335518
0.328386
0.330099
0.327562
0.334305
0.331321
0.330377
0.332251
0.332595
0.332388
0.338987
0.3348
0.335018
0.330715
0.329581
0.333518
0.333216
0.333075
0.331706
0.333447
0.334798
0.335193
0.333072
0.329329
0.338118
0.325494
0.331688
0.334227
0.332885
0.33437
0.332783
0.334537
0.336406
0.337023
0.328561
0.328693
0.335301
0.331015
0.330585
0.329444
0.330939
0.336324
0.333398
0.337153
0.335215
0.329796
0.331822
0.328999
0.334778
0.328102
0.330402
0.332443
0.332252
0.331176
0.336352
0.335589
0.331162
0.331314
0.332582
0.330755
0.334373
0.338123
0.336091
0.330423
0.327802
0.330518
0.335884
0.333284
0.334077
0.334086
0.338803
0.335526
0.333477
0.332855
0.339736
0.331478
0.338594
0.335211
0.331781
0.338675
0.333121
0.337104
0.333898
0.331976
0.332441
0.336995
0.330646
0.325821
0.334181
0.333715
0.334031
0.341491
0.327281
0.334115
0.331802
0.332164
0.328549
0.330437
0.335531
0.330606
0.330814
0.331632
0.333804
0.334304
0.332576
0.332603
0.326966
0.331031
0.329886
0.332416
0.335344
0.333341
0.333841
0.333621
0.331257
0.334706
0.332019
0.338985
0.330054
0.335627
0.334143
0.337547
0.340569
0.332546
0.330184
0.333142
0.331237
0.33222
0.329351
0.33129
0.333166
0.331196
0.332098
0.332252
0.334522
0.337589
0.328957
0.329859
0.337873
0.334349
0.329882
0.33048
0.335104
0.33243
0.330621
0.337222
0.331372
0.333119
0.332341
0.334116
0.335062
0.330965
0.331864
0.336643
0.330727
0.329801
0.334236
0.332389
0.334859
0.333026
0.331576
0.334808
0.339381
0.333324
0.33073
0.333637
0.336379
0.336934
0.331057
0.332411
0.3334
0.336416
0.337148
0.335277
0.329736
0.335473
0.333582
0.329695
0.332849
0.339998
0.331599
0.33158
0.327294
0.329921
0.333694
0.331037
0.330753
0.332146
0.331413
0.334629
0.331503
0.32676
0.323372
0.335423
0.33096
0.332398
0.329726
0.331036
0.335645
0.332836
0.333019
0.334206
0.335783
0.333151
0.334578
0.335128
0.333927
0.334208
0.326871
0.333569
0.332639
0.33074
0.33424
0.335377
0.337288
0.331129
0.332734
0.335302
0.335381
0.332783
0.336298
0.333154
0.338905
0.336281
0.335799
0.333143
0.329837
0.335831
0.330439
0.334242
0.334257
0.339167
0.335202
0.329885
0.330544
0.331184
0.331219
0.328997
0.33165
0.332931
0.33224
0.33443
0.337993
0.335833
0.330408
0.330168
0.330359
0.334098
0.337209
0.331159
0.328856
0.328307
0.331924
0.337654
0.330929
0.330004
0.329456
0.340213
0.332743
0.339917
0.333324
0.33298
0.334073
0.33413
0.333449
0.331851
0.329871
0.330547
0.331681
0.334686
0.332205
0.331637
0.334058
0.333348
0.331972
0.326588
0.335579
0.332658
0.333643
0.335505
0.336296
0.334659
0.3296
0.336357
0.334935
0.33468
0.335405
0.335221
0.338908
0.32819
0.331149
0.33641
0.330297
0.331943
0.336089
0.335708
0.330238
0.333742
0.332961
0.335091
0.332444
0.33489
0.332308
0.330258
0.334246
0.336124
0.333102
0.335552
0.334457
0.336626
0.3328
0.331066
0.335478
0.334186
0.330791
0.331269
0.326705
0.332967
0.335298
0.331825
0.330676
0.331654
0.333604
0.338303
0.334819
0.334958
0.335175
0.329738
0.327785
0.331467
0.337117
0.332097
0.331997
0.332904
0.336415
0.330956
0.331519
0.335103
0.334347
0.332355
0.334399
0.333088
0.33654
0.336613
0.334269
0.335006
0.329388
0.333828
0.337846
0.331451
0.331646
0.331952
0.329147
0.336276
0.329682
0.332381
0.335691
0.333423
0.335459
0.328958
0.334732
0.331624
0.333552
0.333635
0.333715
0.334329
0.338105
0.336908
0.329855
0.334786
0.331192
0.330699
0.33169
0.332157
0.335873
0.330683
0.337215
0.335212
0.332264
0.33369
0.337666
0.332718
0.333041
0.337821
0.33246
0.327966
0.328544
0.334521
0.339376
0.331223
0.333433
0.330371
0.33762
0.333849
0.334557
0.329947
0.335405
0.332501
0.330819
0.337849
0.336164
0.335419
0.334248
0.331876
0.33542
0.332617
0.335962
0.330268
0.332845
0.33118
0.331804
0.332033
0.329371
0.333274
0.334437
0.331751
0.337083
0.336286
0.336762
0.332728
0.328506
0.322366
0.336094
0.333038
0.331645
0.335789
0.331809
0.336214
0.33431
0.334033
0.332071
0.331558
0.332129
0.334532
0.334634
0.331812
0.333218
0.327405
0.331018
0.328489
0.331216
0.337167
0.332196
0.336074
0.333649
0.332653
0.336847
0.335047
0.334833
0.334394
0.33757
0.331768
0.340627
0.335219
0.326409
0.337587
0.331199
0.332238
0.33476
0.331331
0.33656
0.327083
0.329131
0.329833
0.327047
0.332362
0.333248
0.334034
0.334189
0.33174
0.332171
0.330998
0.335458
0.337711
0.332038
0.333048
0.338319
0.3342
0.335249
0.333223
0.329599
0.327537
0.334041
0.335093
0.334846
0.33569
0.330443
0.337009
0.333617
0.338517
0.326945
0.330295
0.333976
0.331581
0.33339
0.334803
0.330426
0.335235
0.336321
0.33064
0.3328
0.330655
0.33652
0.329949
0.332031
0.337245
0.333817
0.333547
0.340297
0.333633
0.332571
0.334785
0.335846
0.332731
0.331346
0.337367
0.331038
0.331981
0.337817
0.334152
0.328904
0.329019
0.339125
0.33224
0.335458
0.336067
0.335528
0.33909
0.332405
0.332419
0.331254
0.335547
0.329179
0.333919
0.334678
0.33268
0.331935
0.335043
0.328033
0.335524
0.33405
0.330418
0.330019
0.333856
0.342134
0.335774
0.329334
0.336259
0.332556
0.329999
0.332749
0.331993
0.333255
0.335331
0.334636
0.329651
0.335797
0.336773
0.334524
0.330005
0.329087
0.329294
0.324705
0.333352
0.33629
0.330949
0.336033
0.337478
0.332798
0.329072
0.329529
0.33228
0.335874
0.336023
0.333567
0.336083
0.337511
0.335112
0.331268
0.336811
0.330282
0.334235
0.332824
0.339899
0.334988
0.328771
0.328675
0.332312
0.334315
0.325656
0.329713
0.334999
0.334148
0.332195
0.330733
0.334143
0.331478
0.32847
0.333713
0.334111
0.336921
0.332988
0.337017
0.33454
0.333079
0.33659
0.335652
0.334397
0.332002
0.33075
0.333315
0.329904
0.337548
0.337957
0.331516
0.337566
0.329961
0.332344
0.330645
0.338173
0.330985
0.331587
0.330736
0.334418
0.335407
0.332061
0.332252
0.330661
0.330599
0.334296
0.332352
0.340081
0.3323
0.335422
0.336208
0.333762
0.329539
0.332827
0.333169
0.336415
0.334992
0.333663
0.334236
0.330083
0.333473
0.334847
0.331191
0.33205
0.335609
0.33224
0.336448
0.330182
0.334807
0.334401
0.334417
0.332081
0.3373
0.336652
0.334213
0.327454
0.334695
0.335205
0.33379
0.338437
0.332308
0.337358
0.331677
0.333743
0.335695
0.330295
0.33992
0.330878
0.333728
0.33355
0.335187
0.336141
0.332219
0.331541
0.336605
0.331666
0.336072
0.333461
0.333294
0.343084
0.332388
0.332353
0.331084
0.332792
0.332159
0.334343
0.330694
0.329391
0.332781
0.333438
0.33458
0.335079
0.333374
0.332558
0.336701
0.339345
0.335548
0.336471
0.335568
0.333559
0.332856
0.32422
0.335029
0.333078
0.331529
0.32894
0.334912
0.337531
0.338868
0.333366
0.334248
0.334579
0.335149
0.334711
0.332114
0.327002
0.331887
0.332891
0.336068
0.335525
0.335079
0.337905
0.338039
0.340174
0.338896
0.337129
0.335481
0.337881
0.335307
0.335449
0.330971
0.3382
0.328705
0.330459
0.332119
0.335082
0.335841
0.33582
0.329265
0.335135
0.337753
0.330556
0.336785
0.333031
0.328131
0.331335
0.331451
0.336824
0.335123
0.336191
0.333567
0.332085
0.33124
0.330767
0.335806
0.334861
0.332615
0.332696
0.337841
0.331383
0.332875
0.332965
0.338098
0.333347
0.331069
0.331389
0.328743
0.336706
0.332777
0.336198
0.332671
0.324488
0.330676
0.340256
0.333735
0.336428
0.33473
0.335592
0.329929
0.332893
0.334106
0.330736
0.33764
0.329926
0.332832
0.33091
0.339207
0.334724
0.333235
0.330186
0.336099
0.337325
0.332258
0.336473
0.334722
0.332093
0.333218
0.331995
0.330859
0.340883
0.330588
0.336596
0.334348
0.334902
0.334294
0.332917
0.335346
0.333085
0.331897
0.336172
0.326889
0.329545
0.33032
0.326807
0.333353
0.326698
0.335752
0.33184
0.335048
0.330597
0.329876
0.335141
0.333728
0.331918
0.335835
0.33069
0.332303
0.330697
0.33369
0.333271
0.334357
0.330979
0.331045
0.333602
0.332894
0.334099
0.333808
0.335844
0.332471
0.334141
0.336133
0.334074
0.334863
0.330961
0.334094
0.32875
0.333144
0.337118
0.336296
0.33595
0.333712
0.332982
0.343078
0.330491
0.329731
0.342644
0.336651
0.333065
0.331505
0.335201
0.333683
0.337561
0.336874
0.331537
0.32344
0.332768
0.334784
0.334484
0.334713
0.333635
0.335791
0.331505
0.331937
0.338455
0.33925
0.337265
0.338136
0.333818
0.331929
0.331657
0.334933
0.335862
0.337745
0.331365
0.33006
0.332321
0.335697
0.334009
0.329905
0.333873
0.328798
0.330099
0.3305
0.335754
0.329751
0.337084
0.335935
0.336031
0.332115
0.334142
0.332087
0.32892
0.3323
0.333909
0.335168
0.328965
0.333651
0.332233
0.333147
0.330404
0.333589
0.329925
0.331568
0.333756
0.334064
0.334098
0.334017
0.32679
0.337374
0.330327
0.334633
0.335493
0.336301
0.334284
0.33399
0.33903
0.332123
0.335713
0.334446
0.329197
0.334664
0.331795
0.336735
0.332264
0.332412
0.334461
0.334056
0.328111
0.331611
0.333418
0.336595
0.335245
0.33693
0.335578
0.336715
0.341368
0.334658
0.336378
0.335892
0.334724
0.333645
0.335551
0.333449
0.336266
0.332755
0.335945
0.334999
0.335833
0.326104
0.333419
0.332694
0.334967
0.339218
0.3338
0.337598
0.327144
0.336624
0.336296
0.333784
0.331154
0.334173
0.332428
0.332204
0.335401
0.333896
0.329287
0.333915
0.336656
0.333333
0.329745
0.335318
0.331195
0.334091
0.330934
0.331703
0.333992
0.335549
0.337525
0.341236
0.333255
0.332281
0.331767
0.334058
0.334118
0.33333
0.329662
0.33366
0.331594
0.336384
0.335783
0.334968
0.332327
0.333502
0.334269
0.333533
0.331201
0.337735
0.334136
0.335038
0.333262
0.328447
0.334126
0.334938
0.333621
0.333218
0.326702
0.333951
0.337352
0.333187
0.33292
0.327677
0.329789
0.331129
0.33381
0.338839
0.331094
0.335023
0.329957
0.336121
0.323911
0.33364
0.329666
0.334073
0.328885
0.333192
0.331183
0.336452
0.333173
0.333193
0.336418
0.33091
0.334979
0.33855
0.328934
0.334061
0.332612
0.334608
0.331111
0.33146
0.336461
0.337139
0.331129
0.332563
0.337141
0.33198
0.333597
0.33273
0.333664
0.329253
0.335945
0.334049
0.329034
0.333506
0.336286
0.334573
0.333705
0.336259
0.337129
0.33271
0.335286
0.332889
0.3354
0.333554
0.33416
0.332078
0.33755
0.330844
0.334213
0.332292
0.332334
0.330563
0.335087
0.331389
0.329668
0.331812
0.336477
0.333512
0.338227
0.334242
0.334704
0.333646
0.334476
0.328233
0.331882
0.335634
0.331542
0.332854
0.335121
0.331734
0.329273
0.330362
0.330415
0.332478
0.330919
0.332758
0.339682
0.331243
0.327008
0.330656
0.331281
0.327048
0.332263
0.332439
0.331441
0.330573
0.334241
0.334525
0.33557
0.335264
0.335693
0.33042
0.339668
0.329806
0.331451
0.334562
0.335367
0.335183
0.329346
0.332571
0.331497
0.332672
0.331252
0.331486
0.333995
0.332047
0.328968
0.333448
0.33569
0.334798
0.33607
0.330178
0.330983
0.335039
0.335553
0.337563
0.326211
0.336854
0.336255
0.336021
0.33409
0.336059
0.336083
0.329518
0.328622
0.331302
0.328509
0.339559
0.331818
0.333253
0.32476
0.338713
0.329781
0.332693
0.335077
0.328978
0.331855
0.334415
0.328374
0.336113
0.331749
0.332267
0.326858
0.334133
0.333491
0.341187
0.334198
0.337504
0.334468
0.328585
0.333347
0.333698
0.333219
0.331295
0.335346
0.332463
0.330123
0.33233
0.32906
0.335205
0.332848
0.334701
0.335059
0.335979
0.337839
0.327764
0.336616
0.331627
0.332107
0.336117
0.336806
0.334287
0.334604
0.341396
0.331353
0.333814
0.331437
0.334448
0.336925
0.332103
0.332619
0.336044
0.33424
0.339829
0.334103
0.330447
0.334446
0.33856
0.331616
0.337696
0.333366
0.33704
0.327786
0.333989
0.326184
0.329152
0.336287
0.335512
0.331624
0.333258
0.330719
0.337374
0.327179
0.33511
0.334223
0.337909
0.335097
0.335174
0.337209
0.332746
0.33238
0.333696
0.331078
0.3344
0.333646
0.330271
0.333166
0.335353
0.330675
0.333588
0.330947
0.331295
0.337176
0.328352
0.334883
0.337418
0.331891
0.335294
0.329903
0.331885
0.333296
0.327042
0.333616
0.33546
0.336635
0.334507
0.333606
0.336178
0.335895
0.336624
0.339041
0.330575
0.341742
0.33387
0.329343
0.337546
0.333987
0.332328
0.329491
0.330353
0.336234
0.330266
0.331694
0.335937
0.331471
0.332807
0.333409
0.338498
0.334709
0.331228
0.337044
0.335362
0.334428
0.33018
0.337254
0.336849
0.331314
0.328819
0.334981
0.335043
0.339378
0.332648
0.340096
0.338693
0.333977
0.333368
0.335285
0.332483
0.334903
0.334407
0.332062
0.33387
0.337672
0.335581
0.334837
0.326633
0.33807
0.334401
0.329706
0.337147
0.329669
0.331705
0.328446
0.332472
0.329465
0.328162
0.335787
0.333466
0.336358
0.329717
0.336061
0.330624
0.334411
0.337166
0.334088
0.337599
0.332381
0.331711
0.333894
0.330465
0.33616
0.330873
0.334957
0.328939
0.33371
0.328834
0.331454
0.336985
0.330623
0.330676
0.338279
0.333075
0.335385
0.333657
0.330027
0.34133
0.331584
0.337815
0.330239
0.329935
0.327843
0.330726
0.333021
0.332942
0.336788
0.333414
0.33442
0.340613
0.333456
0.338439
0.33187
0.336465
0.330953
0.33372
0.32941
0.33005
0.330017
0.330874
0.332849
0.329241
0.330113
0.32846
0.333821
0.335296
0.332644
0.334047
0.331766
0.333741
0.334649
0.33457
0.330977
0.334752
0.326167
0.336075
0.335726
0.334213
0.336389
0.328719
0.338858
0.332282
0.330105
0.334547
0.33597
0.331073
0.334513
0.332538
0.332116
0.332186
0.335728
0.334058
0.332859
0.329999
0.338734
0.334141
0.330405
0.333696
0.33125
0.335716
0.337842
0.335632
0.334483
0.338908
0.332987
0.331892
0.332092
0.333294
0.333256
0.337142
0.335058
0.334226
0.334851
0.328684
0.335813
0.3363
0.334527
0.335603
0.338041
0.331923
0.331062
0.333669
0.333418
0.340088
0.332308
0.340207
0.334009
0.333249
0.328116
0.332398
0.330739
0.328953
0.3319
0.332369
0.330815
0.338886
0.331877
0.334794
0.334569
0.333058
0.336868
0.331348
0.332341
0.329678
0.328891
0.331593
0.333315
0.334199
0.337244
0.328739
0.337929
0.335485
0.328627
0.336354
0.332699
0.335448
0.33346
0.329724
0.325281
0.336295
0.331845
0.335189
0.334386
0.334684
0.331044
0.334787
0.335426
0.333169
0.331498
0.332169
0.330904
0.32798
0.33142
0.328907
0.331273
0.336012
0.333367
0.332249
0.331288
0.332541
0.336366
0.332321
0.332446
0.330416
0.329363
0.332462
0.328695
0.331888
0.333042
0.327131
0.335027
0.326705
0.336272
0.33336
0.336618
0.334226
0.337604
0.329846
0.33005
0.328774
0.333278
0.328015
0.337265
0.334144
0.334562
0.339663
0.329617
0.332947
0.333567
0.337656
0.330914
0.337914
0.341238
0.328916
0.328633
0.333683
0.329485
0.337995
0.331464
0.330056
0.331115
0.331958
0.335563
0.331877
0.333598
0.33374
0.335741
0.33374
0.335976
0.331536
0.331703
0.338242
0.336072
0.333246
0.333207
0.328976
0.334525
0.33441
0.33285
0.332142
0.33746
0.331745
0.334148
0.327278
0.330714
0.332361
0.334261
0.33176
0.337655
0.334792
0.33051
0.334277
0.32916
0.332543
0.332086
0.335836
0.334876
0.327818
0.337914
0.339241
0.336136
0.336539
0.332534
0.336215
0.333677
0.332334
0.331001
0.330978
0.331037
0.333384
0.334219
0.33349
0.330617
0.335185
0.340334
0.336085
0.33111
0.338574
0.335606
0.332534
0.327486
0.336081
0.336413
0.332624
0.331535
0.333178
0.337267
0.333496
0.333306
0.33316
0.332967
0.329584
0.328279
0.330328
0.333822
0.330625
0.335539
0.33092
0.338583
0.332308
0.337588
0.330742
0.335416
0.330011
0.333624
0.333941
0.336883
0.333796
0.331343
0.331098
0.337964
0.337843
0.332967
0.329325
0.329757
0.330735
0.334839
0.337901
0.325179
0.334902
0.328648
0.330555
0.333581
0.336648
0.339741
0.332004
0.330958
0.334903
0.330904
0.331208
0.331741
0.339983
0.337592
0.331586
0.336291
0.339101
0.340374
0.330859
0.337502
0.332346
0.335212
0.333816
0.334473
0.334801
0.331933
0.325739
0.338536
0.334619
0.331679
0.329184
0.334699
0.328845
0.329233
0.334632
0.333504
0.333596
0.334129
0.341036
0.336235
0.335351
0.332189
0.32972
0.334257
0.3311
0.336752
0.332989
0.334313
0.330911
0.331284
0.340798
0.3291
0.336841
0.33543
0.334105
0.333155
0.332781
0.328925
0.330796
0.334041
0.336226
0.333372
0.333789
0.332553
0.337647
0.339594
0.333032
0.333122
0.333459
0.334794
0.334035
0.333318
0.334009
0.335193
0.332177
0.333536
0.330001
0.33166
0.334026
0.330195
0.33588
0.334048
0.332526
0.334558
0.330903
0.328772
0.332936
0.333932
0.333408
0.333543
0.33242
0.331207
0.334087
0.328366
0.330011
0.33758
0.333432
0.33555
0.335909
0.327371
0.331309
0.335995
0.337396
0.334536
0.334049
0.331527
0.327407
0.331405
0.330756
0.332418
0.330581
0.331625
0.334134
0.338106
0.331679
0.332244
0.335731
0.336703
0.333787
0.334636
0.337059
0.332725
0.331016
0.32677
0.334996
0.329965
0.334109
0.332965
0.332659
0.331721
0.331293
0.33464
0.333652
0.333286
0.332468
0.336301
0.333907
0.337984
0.331529
0.334927
0.328107
0.330121
0.331672
0.334858
0.329756
0.337769
0.334656
0.329144
0.331813
0.334881
0.335043
0.332105
0.338215
0.334127
0.333644
0.333011
0.333041
0.329672
0.333759
0.334672
0.337629
0.332926
0.330411
0.333551
0.331346
0.335262
0.327504
0.336701
0.335874
0.330713
0.332459
0.326066
0.337899
0.336187
0.337726
0.336246
0.339359
0.336547
0.336532
0.332049
0.328866
0.337622
0.331204
0.332565
0.331407
0.337867
0.333147
0.333536
0.334771
0.333159
0.327259
0.335813
0.332133
0.332998
0.32993
0.334318
0.334011
0.337051
0.331998
0.336167
0.334299
0.333801
0.332654
0.333056
0.332553
0.330527
0.340045
0.337706
0.332398
0.329378
0.334822
0.33471
0.333487
0.3332
0.330493
0.336459
0.330102
0.337691
0.333969
0.340329
0.333378
0.329613
0.33014
0.337488
0.329989
0.325869
0.332513
0.337084
0.332442
0.33559
0.335053
0.33021
0.335329
0.334674
0.332333
0.333769
0.332222
0.330426
0.33274
0.329706
0.335465
0.329029
0.3364
0.331124
0.327895
0.330156
0.340306
0.333574
0.339662
0.332773
0.332121
0.332603
0.334975
0.330376
0.32548
0.33158
0.334735
0.328576
0.332362
0.33039
0.333549
0.334292
0.330064
0.329063
0.338935
0.33243
0.336513
0.330589
0.33029
0.329188
0.337964
0.331948
0.331287
0.329497
0.328109
0.336354
0.327924
0.331336
0.334953
0.330445
0.330922
0.331826
0.33549
0.335965
0.338531
0.331563
0.329839
0.324607
0.333826
0.338758
0.333943
0.334096
0.326602
0.33674
0.334116
0.334067
0.332227
0.331827
0.333498
0.33435
0.332987
0.332573
0.333791
0.334676
0.336793
0.33758
0.326987
0.329483
0.333241
0.339128
0.331774
0.333071
0.335683
0.32928
0.335359
0.331719
0.334149
0.331341
0.334083
0.334742
0.3396
0.326957
0.334177
0.332425
0.328721
0.336972
0.330439
0.328756
0.334071
0.334423
0.336198
0.333884
0.335438
0.332792
0.333498
0.33577
0.334425
0.334775
0.330827
0.335612
0.336885
0.334651
0.330007
0.337469
0.330311
0.328583
0.336489
0.332078
0.333712
0.328019
0.330905
0.332629
0.33356
0.334312
0.3331
0.330449
0.332643
0.337455
0.336017
0.333841
0.333456
0.336142
0.33008
0.330087
0.331703
0.334187
0.333916
0.340704
0.333865
0.333275
0.334578
0.335249
0.332796
0.338544
0.331985
0.331938
0.331007
0.332256
0.331869
0.333445
0.328558
0.32794
0.333638
0.330578
0.334692
0.332596
0.333875
0.338071
0.336317
0.331266
0.334887
0.336313
0.334464
0.331798
0.337649
0.328005
0.329915
0.338
0.33482
0.33154
0.335656
0.3331
0.333933
0.330989
0.330789
0.330572
0.330515
0.336921
0.332647
0.338228
0.33013
0.33088
0.329922
0.33117
0.334405
0.333332
0.330529
0.331262
0.332668
0.337365
0.3312
0.332124
0.338903
0.332413
0.336268
0.335846
0.332342
0.331444
0.334785
0.336218
0.334755
0.331157
0.334092
0.334982
0.335404
0.336041
0.331771
0.337974
0.328911
0.337372
0.329845
0.333933
0.334411
0.333786
0.32593
0.330017
0.331609
0.332813
0.331454
0.330694
0.333718
0.328806
0.335818
0.334404
0.335212
0.332689
0.329045
0.330847
0.333632
0.333852
0.336819
0.338283
0.326305
0.332069
0.335552
0.333847
0.328727
0.335752
0.334141
0.332682
0.335828
0.334401
0.331536
0.334154
0.333358
0.3325
0.329427
0.338385
0.336594
0.332347
0.332303
0.335052
0.325078
0.33092
0.33257
0.340553
0.331248
0.33678
0.334284
0.329985
0.335261
0.33085
0.337119
0.340559
0.334574
0.337402
0.331907
0.328131
0.330439
0.33694
0.334191
0.332491
0.3352
0.337189
0.328211
0.339032
0.325809
0.336178
0.330683
0.334698
0.337011
0.33065
0.337072
0.33543
0.336738
0.33477
0.331877
0.337391
0.330061
0.328699
0.332705
0.329734
0.328488
0.338521
0.332331
0.332781
0.338072
0.333548
0.336822
0.33507
0.333888
0.332281
0.330191
0.332264
0.340382
0.335778
0.335627
0.332872
0.329711
0.336743
0.330117
0.332931
0.336326
0.330822
0.331008
0.33031
0.335831
0.332903
0.333862
0.331688
0.336077
0.335271
0.333505
0.336231
0.333601
0.335425
0.333825
0.330719
0.337108
0.329763
0.331013
0.336729
0.334769
0.332563
0.333192
0.335614
0.340605
0.33544
0.332211
0.33589
0.337868
0.334636
0.335727
0.333086
0.334795
0.331628
0.332747
0.336797
0.338172
0.334934
0.332146
0.33045
0.331554
0.335753
0.333909
0.330945
0.334048
0.330669
0.336063
0.334433
0.334557
0.335187
0.330947
0.331441
0.333726
0.339919
0.334686
0.334824
0.337198
0.337658
0.329422
0.334029
0.334
0.336399
0.332903
0.339638
0.334664
0.330199
0.335158
0.330073
0.337457
0.327288
0.336564
0.32995
0.329303
0.332105
0.336748
0.336574
0.335773
0.333891
0.33498
0.335609
0.333632
0.335697
0.338661
0.336893
0.338309
0.330374
0.331982
0.338677
0.334577
0.337336
0.334541
0.333185
0.331897
0.333709
0.330037
0.337106
0.332756
0.336841
0.332517
0.337222
0.335341
0.332422
0.33493
0.325451
0.334153
0.331595
0.328
0.330056
0.334345
0.329909
0.330135
0.334117
0.331298
0.333575
0.330713
0.335899
0.335085
0.339944
0.328759
0.334488
0.336889
0.336461
0.334643
0.335415
0.335395
0.329595
0.333523
0.336269
0.333041
0.334726
0.332371
0.333161
0.337826
0.335025
0.331832
0.338506
0.333998
0.329795
0.333409
0.33639
0.338412
0.335484
0.336085
0.329278
0.336845
0.33687
0.336386
0.331854
0.333865
0.329568
0.332922
0.336793
0.332613
0.332853
0.338897
0.334867
0.333027
0.333821
0.334462
0.335733
0.333756
0.331313
0.335274
0.336219
0.335736
0.332505
0.33074
0.330946
0.333205
0.334745
0.33581
0.333568
0.331469
0.32884
0.336929
0.338077
0.333119
0.331813
0.339563
0.335822
0.335351
0.338061
0.333934
0.331436
0.334416
0.331889
0.333626
0.333032
0.342377
0.338105
0.33029
0.334631
0.328625
0.334916
0.332623
0.333796
0.332763
0.33632
0.334749
0.33972
0.32967
0.332269
0.332831
0.338375
0.33359
0.335907
0.336789
0.331854
0.332101
0.338787
0.331245
0.330276
0.334788
0.33828
0.336045
0.330976
0.330826
0.33496
0.334592
0.338509
0.333668
0.331774
0.332476
0.32513
0.333041
0.334957
0.333596
0.33668
0.334879
0.332362
0.331642
0.336965
0.337234
0.334743
0.337337
0.336032
0.334684
0.335777
0.326495
0.329171
0.333699
0.338167
0.334186
0.331751
0.336094
0.333999
0.335439
0.336013
0.335609
0.331815
0.336238
0.330728
0.329946
0.333881
0.334764
0.340168
0.333989
0.340761
0.337309
0.333294
0.333815
0.336138
0.336298
0.332105
0.335499
0.336927
0.33512
0.330732
0.330777
0.331034
0.333501
0.33576
0.331045
0.328693
0.335518
0.332606
0.33507
0.329642
0.33486
0.335458
0.335675
0.327956
0.331333
0.334586
0.336276
0.331757
0.33707
0.334312
0.332515
0.335135
0.32822
0.331622
0.330399
0.337282
0.333486
0.331967
0.332527
0.32784
0.335707
0.326833
0.337742
0.333971
0.333587
0.332448
0.332957
0.3371
0.326863
0.33402
0.333436
0.336863
0.335212
0.333388
0.333449
0.333461
0.324075
0.336458
0.330794
0.33274
0.333653
0.329906
0.329032
0.336853
0.335237
0.330214
0.332068
0.332562
0.331973
0.332057
0.333606
0.331165
0.332942
0.33511
0.331589
0.333952
0.33566
0.328002
0.335864
0.331788
0.327964
0.3279
0.330055
0.325983
0.329765
0.340125
0.336335
0.331518
0.337319
0.334291
0.339666
0.333126
0.33674
0.328111
0.334485
0.335898
0.340049
0.33879
0.334157
0.336468
0.333348
0.331932
0.331593
0.336452
0.333066
0.334758
0.335459
0.335059
0.328526
0.330387
0.328962
0.338208
0.332061
0.335553
0.330404
0.336068
0.335735
0.332086
0.33414
0.32981
0.333817
0.333717
0.330182
0.333169
0.330173
0.333696
0.332294
0.331454
0.326254
0.330915
0.329499
0.334279
0.329818
0.330166
0.336346
0.330417
0.33254
0.332168
0.334802
0.334485
0.3339
0.324983
0.330028
0.328467
0.331514
0.330028
0.333454
0.332719
0.330735
0.329693
0.337288
0.333982
0.333101
0.333136
0.331363
0.337523
0.331643
0.32958
0.335738
0.329603
0.330267
0.331427
0.334829
0.33505
0.332029
0.33162
0.334349
0.336153
0.333413
0.332918
0.324365
0.330223
0.33579
0.330698
0.331316
0.328915
0.326904
0.340795
0.329502
0.32497
0.329716
0.336098
0.333625
0.336062
0.336945
0.329713
0.331355
0.334366
0.333805
0.336948
0.334322
0.333566
0.336168
0.33467
0.330203
0.330144
0.335527
0.32862
0.327936
0.334949
0.335132
0.332355
0.33496
0.334816
0.336432
0.335213
0.332356
0.330028
0.331457
0.331197
0.330206
0.334082
0.330747
0.330428
0.336403
0.339529
0.341299
0.334574
0.328133
0.332393
0.333797
0.330944
0.333881
0.332213
0.336627
0.330794
0.335186
0.336232
0.333468
0.330222
0.332776
0.328892
0.330418
0.337081
0.332792
0.333797
0.333019
0.332053
0.334455
0.33419
0.333759
0.331127
0.329099
0.331131
0.334662
0.329959
0.333999
0.336808
0.330366
0.333969
0.336196
0.333663
0.330361
0.335509
0.331691
0.332825
0.334034
0.338011
0.328364
0.332524
0.333409
0.332537
0.331109
0.334561
0.335685
0.331751
0.336511
0.336552
0.333369
0.328481
0.331798
0.330903
0.336364
0.333796
0.333097
0.335579
0.339878
0.330636
0.329732
0.337895
0.330042
0.331057
0.339751
0.329564
0.334274
0.333852
0.334761
0.335977
0.335613
0.329225
0.331433
0.334659
0.329947
0.336363
0.330155
0.332773
0.333199
0.334579
0.33252
0.333081
0.33395
0.342203
0.336494
0.331102
0.331875
0.330476
0.335467
0.33737
0.333304
0.335572
0.324625
0.33303
0.33177
0.336247
0.333753
0.337108
0.336497
0.330028
0.336113
0.327891
0.338807
0.337487
0.333317
0.326866
0.329905
0.331739
0.336183
0.333394
0.330698
0.336588
0.330679
0.334084
0.335386
0.334129
0.333168
0.32953
0.338266
0.333656
0.337165
0.337465
0.334356
0.335244
0.336988
0.339678
0.330656
0.336896
0.337964
0.333912
0.341359
0.331724
0.326704
0.337149
0.336604
0.332649
0.335186
0.335836
0.336871
0.333709
0.332993
0.331711
0.332223
0.331041
0.334597
0.330991
0.33365
0.334052
0.33246
0.338905
0.334345
0.327442
0.33506
0.334099
0.328945
0.326242
0.335553
0.334446
0.327254
0.336748
0.330523
0.337391
0.332383
0.332632
0.33108
0.323894
0.334743
0.333881
0.333918
0.328316
0.331379
0.337625
0.335988
0.333241
0.332677
0.332779
0.335413
0.330626
0.337453
0.331793
0.337275
0.330327
0.333445
0.333896
0.331347
0.332856
0.331853
0.337253
0.334261
0.334899
0.328183
0.336486
0.333701
0.331965
0.335164
0.33088
0.339458
0.330829
0.340178
0.335978
0.334154
0.333488
0.332077
0.334722
0.332656
0.334479
0.334757
0.334074
0.329502
0.331026
0.334805
0.335555
0.33783
0.333941
0.337016
0.329302
0.334703
0.332371
0.336974
0.337706
0.334153
0.331144
0.3351
0.332121
0.332766
0.338715
0.334855
0.333181
0.336119
0.334506
0.331639
0.331011
0.339699
0.332886
0.332556
0.335208
0.33793
0.329956
0.330912
0.336177
0.338072
0.336121
0.334129
0.33348
0.330426
0.331117
0.333263
0.335286
0.335834
0.334521
0.328909
0.337255
0.330899
0.333027
0.330862
0.32687
0.335376
0.329535
0.337659
0.336762
0.329699
0.336124
0.333471
0.332864
0.332737
0.330616
0.332756
0.330869
0.332996
0.329224
0.330398
0.33905
0.330065
0.337454
0.328164
0.334959
0.331475
0.340197
0.332855
0.334403
0.32902
0.335131
0.331054
0.334376
0.334937
0.33324
0.333013
0.335496
0.335072
0.335664
0.333746
0.331737
0.332636
0.336165
0.340223
0.339338
0.336876
0.330069
0.335224
0.335922
0.335717
0.333692
0.330236
0.330353
0.332484
0.332913
0.336463
0.327422
0.33458
0.332645
0.339863
0.333675
0.334738
0.333758
0.324658
0.334321
0.330474
0.334813
0.330446
0.337264
0.331963
0.333454
0.334507
0.327684
0.333099
0.334488
0.335124
0.335626
0.335429
0.337615
0.339076
0.33269
0.331627
0.332208
0.330739
0.329164
0.327433
0.333306
0.336395
0.337679
0.328522
0.330948
0.333284
0.337841
0.334246
0.335018
0.337912
0.335868
0.330198
0.335179
0.334637
0.333191
0.332306
0.33504
0.330665
0.329706
0.333322
0.337548
0.331115
0.33351
0.333991
0.330456
0.335053
0.333812
0.330584
0.333231
0.333842
0.335828
0.329305
0.334027
0.332825
0.328999
0.326786
0.333887
0.331876
0.334854
0.332352
0.336773
0.335438
0.331773
0.334915
0.333791
0.332615
0.334212
0.332967
0.338358
0.336237
0.33295
0.338083
0.336372
0.335668
0.335798
0.329309
0.336678
0.327889
0.335051
0.334316
0.333202
0.33173
0.328215
0.333127
0.334018
0.329719
0.328194
0.337029
0.333714
0.336362
0.330452
0.333102
0.328064
0.327367
0.333224
0.334092
0.334024
0.338563
0.330558
0.328692
0.335198
0.328016
0.341336
0.337354
0.335945
0.335566
0.331281
0.335847
0.327682
0.334453
0.330338
0.332481
0.329699
0.333041
0.32813
0.336444
0.33015
0.333835
0.340975
0.330973
0.337951
0.33602
0.335315
0.33561
0.332487
0.336614
0.337507
0.32954
0.332145
0.333186
0.330039
0.333844
0.33037
0.330382
0.335078
0.328277
0.330455
0.336619
0.333838
0.330725
0.330634
0.33007
0.332707
0.33022
0.331195
0.337724
0.333569
0.33368
0.331129
0.336364
0.330924
0.326485
0.331903
0.332496
0.336051
0.335213
0.337877
0.331186
0.339275
0.329823
0.331393
0.337359
0.332812
0.335529
0.339315
0.3336
0.333424
0.338762
0.335262
0.338399
0.330048
0.33019
0.329376
0.333483
0.331784
0.334231
0.337982
0.336434
0.334287
0.334619
0.332123
0.336824
0.330763
0.33593
0.337091
0.333921
0.335909
0.332791
0.332947
0.333327
0.333319
0.332271
0.331731
0.333149
0.33572
0.335811
0.333371
0.336623
0.334656
0.332662
0.335022
0.333772
0.334467
0.33084
0.338253
0.33162
0.338551
0.33537
0.331207
0.330643
0.338223
0.328752
0.335286
0.328428
0.331058
0.334011
0.335143
0.338743
0.334446
0.331436
0.3363
0.334135
0.334566
0.333478
0.337504
0.33238
0.332142
0.332599
0.341121
0.329544
0.332883
0.332438
0.336604
0.335453
0.333869
0.334207
0.335161
0.331906
0.331441
0.331966
0.332853
0.334074
0.334112
0.334086
0.330701
0.333123
0.333199
0.335515
0.335056
0.332222
0.332193
0.331985
0.335917
0.33258
0.333205
0.330445
0.326911
0.33453
0.33904
0.334462
0.332346
0.333379
0.329451
0.336862
0.332695
0.337926
0.33404
0.335254
0.327635
0.337074
0.329431
0.336201
0.334369
0.334774
0.337903
0.3272
0.336129
0.329343
0.331064
0.342053
0.330801
0.33372
0.330004
0.331588
0.339039
0.335735
0.330667
0.334598
0.33398
0.332116
0.330697
0.331271
0.330757
0.332443
0.335556
0.329813
0.334579
0.332863
0.332596
0.336995
0.332154
0.332845
0.327412
0.338025
0.333133
0.339183
0.333003
0.331491
0.327055
0.334762
0.329094
0.333869
0.330248
0.335106
0.335
0.336405
0.334371
0.333751
0.330354
0.330747
0.331573
0.336843
0.333835
0.337474
0.337716
0.329653
0.331455
0.333953
0.334089
0.332024
0.339933
0.32996
0.335233
0.335283
0.334912
0.33219
0.331114
0.327002
0.335277
0.338464
0.336494
0.331695
0.330535
0.331133
0.33073
0.331544
0.334765
0.334345
0.331856
0.3283
0.33395
0.329421
0.332324
0.337294
0.330117
0.334606
0.332094
0.332242
0.332812
0.329927
0.336647
0.330073
0.332132
0.333874
0.334057
0.330345
0.32876
0.334812
0.33381
0.326775
0.335842
0.330791
0.333255
0.33709
0.335414
0.33155
0.330461
0.334835
0.333253
0.325626
0.330252
0.329023
0.33101
0.334561
0.32947
0.330769
0.338145
0.340196
0.327636
0.337269
0.329698
0.333248
0.334866
0.340777
0.329417
0.33986
0.332661
0.332513
0.333639
0.331332
0.335865
0.333494
0.334688
0.332415
0.337164
0.331906
0.331719
0.335093
0.329167
0.330542
0.328487
0.333917
0.328754
0.334115
0.329289
0.333672
0.333499
0.334295
0.333125
0.335237
0.327565
0.332349
0.333723
0.336263
0.332563
0.334522
0.32764
0.33437
0.33141
0.333926
0.328142
0.333035
0.330456
0.331653
0.332697
0.333283
0.330731
0.331945
0.32925
0.331466
0.333135
0.33556
0.332058
0.332365
0.334293
0.335
0.337913
0.339294
0.337725
0.329355
0.328077
0.335265
0.335003
0.33638
0.332988
0.333817
0.338157
0.333711
0.335217
0.332636
0.336205
0.337179
0.33689
0.338498
0.336997
0.328673
0.33077
0.330793
0.330376
0.336892
0.329389
0.332543
0.332218
0.331366
0.333437
0.335428
0.333592
0.326902
0.334437
0.337181
0.339898
0.330763
0.331702
0.329524
0.335846
0.333011
0.331749
0.330184
0.334598
0.338093
0.330736
0.32955
0.334084
0.334635
0.335999
0.336166
0.329959
0.333225
0.335882
0.338474
0.328434
0.333242
0.329916
0.335016
0.331482
0.334298
0.3331
0.32993
0.336368
0.337902
0.332937
0.332796
0.331121
0.333996
0.332006
0.332843
0.332556
0.337267
0.331416
0.333525
0.337016
0.330998
0.33282
0.330476
0.339606
0.335127
0.339791
0.332992
0.338097
0.329662
0.333167
0.326891
0.33581
0.333402
0.334982
0.336135
0.336213
0.329858
0.335871
0.331918
0.331745
0.333967
0.339831
0.333887
0.334039
0.333252
0.334409
0.335523
0.337427
0.331205
0.334906
0.331995
0.335784
0.333387
0.332143
0.332274
0.333541
0.331067
0.326917
0.331598
0.333836
0.334537
0.335131
0.334822
0.328363
0.334822
0.330716
0.328504
0.332574
0.331461
0.332526
0.33612
0.33423
0.328868
0.334163
0.335339
0.335868
0.329135
0.334504
0.332202
0.335693
0.338974
0.333183
0.330782
0.332206
0.332361
0.332588
0.335846
0.333413
0.332934
0.328092
0.336667
0.330993
0.336961
0.331683
0.334393
0.325281
0.33178
0.327096
0.331596
0.33184
0.331676
0.330561
0.330521
0.336111
0.329792
0.331389
0.327942
0.335768
0.330802
0.335302
0.334887
0.331042
0.333813
0.332914
0.330267
0.333795
0.328301
0.330951
0.334405
0.331248
0.33947
0.334117
0.328838
0.329403
0.32811
0.328074
0.33101
0.334267
0.334807
0.333142
0.334703
0.331253
0.335823
0.330734
0.332928
0.333964
0.333439
0.338772
0.333039
0.327689
0.33509
0.331327
0.331321
0.330058
0.337233
0.334174
0.333501
0.333732
0.332741
0.334552
0.334933
0.332429
0.331752
0.32929
0.336779
0.334925
0.332261
0.333331
0.335321
0.336025
0.330245
0.33276
0.334939
0.335245
0.342573
0.340865
0.336612
0.331586
0.329484
0.33851
0.332501
0.338542
0.33787
0.330756
0.334965
0.335323
0.338258
0.329496
0.334872
0.333654
0.331169
0.338467
0.33385
0.329625
0.336417
0.33644
0.335934
0.333141
0.329401
0.334889
0.333233
0.331711
0.328535
0.332217
0.336709
0.326584
0.334518
0.328647
0.328162
0.332638
0.332073
0.337213
0.336834
0.332236
0.332807
0.331229
0.331616
0.331234
0.336501
0.339504
0.330726
0.325665
0.335566
0.333185
0.335995
0.330341
0.332854
0.330112
0.337972
0.334179
0.331388
0.330243
0.334228
0.328952
0.331397
0.338405
0.330244
0.331259
0.337537
0.335114
0.335304
0.334002
0.339625
0.336803
0.334085
0.339953
0.335364
0.33605
0.332794
0.337056
0.33284
0.33317
0.331894
0.332449
0.33504
0.333405
0.327908
0.334003
0.329905
0.331514
0.330956
0.336407
0.333898
0.330406
0.329868
0.330823
0.326912
0.336319
0.337859
0.337554
0.328458
0.337357
0.337607
0.333001
0.331429
0.332193
0.33158
0.331995
0.337454
0.330839
0.334222
0.328411
0.3317
0.33432
0.333843
0.328594
0.326197
0.332316
0.329983
0.330808
0.328558
0.329901
0.329392
0.334068
0.33577
0.334231
0.331475
0.335496
0.335265
0.334744
0.331017
0.333367
0.335215
0.331867
0.33453
0.331829
0.332721
0.329291
0.330245
0.334922
0.33233
0.336034
0.327742
0.339955
0.334317
0.329937
0.338199
0.331786
0.334992
0.335709
0.330485
0.333844
0.337335
0.332317
0.340291
0.332871
0.330482
0.332542
0.333937
0.326417
0.336438
0.333667
0.329644
0.331752
0.33185
0.331498
0.333628
0.333238
0.335065
0.333577
0.331607
0.330993
0.33752
0.336595
0.329614
0.34032
0.330256
0.335386
0.332799
0.330823
0.336206
0.331237
0.331489
0.332431
0.33075
0.331445
0.328179
0.335926
0.333524
0.33539
0.335719
0.332564
0.33127
0.341681
0.332794
0.330877
0.335701
0.329559
0.3355
0.338774
0.338277
0.329326
0.335935
0.332062
0.336903
0.330845
0.334014
0.332755
0.336853
0.33102
0.331983
0.335198
0.332293
0.330966
0.330975
0.331532
0.341811
0.326312
0.331959
0.325501
0.331395
0.334984
0.336371
0.333665
0.332926
0.332374
0.326537
0.33184
0.338634
0.338643
0.331914
0.336215
0.329353
0.330479
0.332235
0.331703
0.336083
0.332673
0.336109
0.328419
0.336908
0.32864
0.326138
0.336025
0.332616
0.333236
0.33912
0.332786
0.332522
0.333219
0.33398
0.33682
0.332256
0.330361
0.330888
0.333117
0.338159
0.333626
0.329597
0.335481
0.333301
0.334473
0.331201
0.331234
0.328805
0.331798
0.336121
0.33577
0.332011
0.331152
0.332009
0.337792
0.331812
0.33255
0.332692
0.336987
0.334803
0.334363
0.334727
0.332344
0.334096
0.335636
0.332893
0.339658
0.327229
0.337989
0.331399
0.330579
0.334813
0.332896
0.333385
0.332351
0.339395
0.334844
0.337492
0.331102
0.336438
0.334617
0.330012
0.332722
0.335172
0.338385
0.335113
0.334355
0.336938
0.337201
0.331679
0.33342
0.332552
0.336213
0.339322
0.335491
0.336366
0.330164
0.330402
0.333178
0.331274
0.33478
0.332662
0.335456
0.33476
0.336968
0.329734
0.328615
0.334415
0.330241
0.329321
0.336153
0.333761
0.339158
0.333199
0.335206
0.337916
0.332548
0.333037
0.333277
0.33379
0.327711
0.32988
0.331487
0.331098
0.33635
0.330174
0.338795
0.334014
0.330577
0.334499
0.332235
0.335915
0.32957
0.332692
0.333475
0.334725
0.333323
0.327721
0.334026
0.331244
0.330536
0.337561
0.329816
0.33273
0.336245
0.330096
0.332421
0.333195
0.332716
0.331962
0.333373
0.331545
0.327792
0.332531
0.335046
0.330323
0.330418
0.333981
0.341157
0.335738
0.329947
0.329941
0.330932
0.326964
0.335943
0.331176
0.337034
0.33728
0.332806
0.325143
0.333016
0.330299
0.333091
0.333191
0.330924
0.328206
0.336534
0.33286
0.330326
0.331104
0.332468
0.335773
0.332652
0.331038
0.327283
0.334442
0.336229
0.333094
0.329588
0.33297
0.332835
0.33242
0.332422
0.329775
0.333239
0.334158
0.337239
0.334123
0.334566
0.336675
0.329488
0.33269
0.336407
0.333987
0.336395
0.327724
0.338019
0.328443
0.332778
0.336528
0.335419
0.334861
0.333683
0.328453
0.335651
0.332023
0.326973
0.335619
0.334024
0.331187
0.330043
0.339236
0.329759
0.333716
0.331083
0.332394
0.334397
0.333839
0.332785
0.335118
0.329162
0.33054
0.335782
0.331383
0.336178
0.333851
0.336149
0.333981
0.333042
0.332371
0.327804
0.333181
0.337688
0.334539
0.334618
0.33112
0.33466
0.330253
0.331597
0.332981
0.331802
0.331096
0.336477
0.334875
0.335385
0.3369
0.333969
0.329192
0.333866
0.331278
0.3397
0.332781
0.331605
0.333133
0.335606
0.331723
0.332691
0.334672
0.332826
0.332142
0.333734
0.327336
0.326997
0.335614
0.329661
0.333567
0.332443
0.333269
0.327865
0.332657
0.337295
0.33279
0.329192
0.332072
0.334219
0.332265
0.328828
0.336787
0.336027
0.333831
0.332385
0.32703
0.335261
0.334515
0.332264
0.334509
0.33051
0.329956
0.335596
0.342073
0.335179
0.336377
0.33444
0.33247
0.334945
0.332431
0.332079
0.331142
0.335626
0.331669
0.329067
0.331523
0.336429
0.336291
0.334751
0.336601
0.330317
0.334266
0.335204
0.33155
0.333757
0.331921
0.333033
0.330605
0.331932
0.3319
0.327307
0.33544
0.328851
0.34028
0.330903
0.334918
0.334279
0.332464
0.336108
0.330064
0.327217
0.332322
0.330966
0.329243
0.330215
0.333814
0.3376
0.329377
0.335943
0.32995
0.335313
0.335518
0.332361
0.333373
0.336976
0.327143
0.330689
0.332835
0.327067
0.334686
0.336332
0.334223
0.333994
0.33519
0.333892
0.333514
0.335365
0.330823
0.332664
0.331319
0.335248
0.336082
0.327151
0.333962
0.336398
0.333377
0.332174
0.331896
0.327917
0.334796
0.334534
0.335957
0.330614
0.329837
0.333181
0.334549
0.334428
0.33702
0.333912
0.331173
0.334191
0.336782
0.336498
0.336739
0.33937
0.334331
0.331368
0.33239
0.334006
0.332548
0.336764
0.332568
0.334265
0.335879
0.327027
0.335287
0.336663
0.335326
0.338327
0.333235
0.338331
0.335341
0.333932
0.333913
0.332661
0.332507
0.33116
0.336077
0.331966
0.330997
0.335217
0.332062
0.336525
0.330862
0.328134
0.336295
0.329679
0.339284
0.33439
0.336529
0.328329
0.332911
0.331177
0.331675
0.332438
0.328629
0.333249
0.339317
0.333945
0.32858
0.336569
0.329516
0.332436
0.33016
0.33106
0.338559
0.336678
0.331333
0.3348
0.335235
0.336302
0.332935
0.333026
0.331119
0.327025
0.337021
0.336609
0.331964
0.334909
0.335938
0.333031
0.334648
0.333019
0.337375
0.334772
0.330293
0.335193
0.332842
0.332894
0.332537
0.333319
0.331837
0.332561
0.336706
0.32645
0.332099
0.328855
0.329565
0.327035
0.331568
0.331443
0.333456
0.338605
0.335224
0.331902
0.327109
0.334903
0.328596
0.331439
0.334987
0.335012
0.330664
0.33136
0.333817
0.33375
0.331923
0.333723
0.336946
0.335361
0.33746
0.329834
0.339381
0.339257
0.333549
0.337327
0.335072
0.333183
0.328519
0.333146
0.3325
0.333914
0.333553
0.334504
0.333408
0.337891
0.335383
0.325564
0.33548
0.334965
0.335287
0.330706
0.333391
0.339739
0.328649
0.330756
0.334058
0.331414
0.338213
0.33709
0.33182
0.333368
0.335715
0.333551
0.336525
0.330963
0.335805
0.334925
0.333723
0.336929
0.332942
0.330519
0.33466
0.331596
0.329228
0.33339
0.330604
0.331218
0.331976
0.333826
0.330701
0.333256
0.332981
0.325729
0.328215
0.331246
0.331362
0.333496
0.33386
0.334104
0.329199
0.334396
0.336904
0.33643
0.337357
0.334641
0.333966
0.332705
0.335837
0.333003
0.331871
0.334854
0.332653
0.330819
0.33227
0.337747
0.334235
0.330904
0.333156
0.333433
0.333344
0.331867
0.328317
0.336411
0.336925
0.331169
0.33859
0.330344
0.327202
0.328784
0.33032
0.335746
0.331016
0.329841
0.334131
0.338901
0.333826
0.34042
0.33136
0.32988
0.329182
0.334725
0.334622
0.332559
0.334576
0.338957
0.330779
0.34178
0.338187
0.334682
0.334756
0.33036
0.329547
0.334366
0.327827
0.332466
0.335061
0.333295
0.332458
0.333473
0.333729
0.335293
0.331345
0.335789
0.335892
0.331683
0.33348
0.335413
0.336622
0.332787
0.329976
0.330498
0.332206
0.335004
0.332117
0.332959
0.334356
0.334447
0.337667
0.327184
0.333051
0.329216
0.33589
0.335984
0.333818
0.333887
0.332798
0.33458
0.328837
0.338783
0.333313
0.328797
0.333884
0.330061
0.332151
0.336494
0.337313
0.333742
0.334563
0.335209
0.331804
0.337233
0.331886
0.336912
0.334491
0.336196
0.333159
0.328832
0.32898
0.332218
0.335354
0.335599
0.32839
0.33183
0.332811
0.336234
0.330338
0.334788
0.336422
0.333712
0.335613
0.33403
0.331526
0.332215
0.340104
0.3321
0.333505
0.328562
0.333551
0.330343
0.331109
0.334062
0.333513
0.331551
0.330729
0.328247
0.332393
0.3309
0.330579
0.334397
0.329696
0.331719
0.331477
0.328645
0.333316
0.337394
0.337252
0.333861
0.331717
0.329964
0.33878
0.33516
0.331473
0.329221
0.336949
0.338304
0.328458
0.332301
0.332078
0.337933
0.333423
0.33366
0.332339
0.33103
0.329896
0.336055
0.336874
0.336477
0.335305
0.336273
0.332094
0.337543
0.330498
0.33122
0.338141
0.334011
0.333491
0.330731
0.335182
0.334368
0.334155
0.341082
0.336118
0.336185
0.338537
0.332901
0.340607
0.329687
0.33193
0.334565
0.330321
0.330077
0.336857
0.33729
0.330767
0.334922
0.334618
0.337265
0.334988
0.330498
0.332994
0.336386
0.330012
0.332493
0.330304
0.33045
0.323891
0.336793
0.334094
0.330618
0.339168
0.332749
0.335953
0.331275
0.332689
0.335387
0.336152
0.336154
0.336218
0.331776
0.33877
0.334146
0.335147
0.332175
0.332165
0.332859
0.332249
0.334963
0.329676
0.331864
0.332197
0.334181
0.335512
0.33387
0.335294
0.32715
0.334302
0.331505
0.33725
0.327938
0.336523
0.332247
0.32956
0.336764
0.332502
0.329054
0.334559
0.338582
0.336842
0.330385
0.329992
0.333996
0.332737
0.335209
0.334577
0.333
0.335572
0.333953
0.33277
0.338784
0.332883
0.330923
0.334393
0.335297
0.332752
0.333049
0.330416
0.329151
0.329991
0.330388
0.334303
0.332951
0.332071
0.33253
0.333596
0.333406
0.334617
0.333408
0.333519
0.331048
0.32814
0.329038
0.333236
0.331258
0.330846
0.331856
0.345072
0.334313
0.336181
0.335303
0.333289
0.332446
0.332909
0.338415
0.335754
0.33295
0.329165
0.336413
0.336699
0.333622
0.33157
0.330134
0.327336
0.335116
0.330563
0.336708
0.334116
0.337675
0.334793
0.33047
0.333744
0.33464
0.328565
0.337982
0.333574
0.334755
0.326976
0.335932
0.333287
0.333566
0.335749
0.332386
0.330551
0.330356
0.333358
0.332049
0.335818
0.333932
0.332004
0.336693
0.33424
0.336541
0.337936
0.336222
0.334182
0.332007
0.336913
0.338986
0.334581
0.331136
0.334926
0.333151
0.33299
0.333223
0.332418
0.329935
0.329974
0.328858
0.3323
0.332342
0.332441
0.336926
0.335325
0.334131
0.333068
0.334491
0.333839
0.329158
0.332071
0.326844
0.334767
0.33557
0.333172
0.341014
0.337211
0.33427
0.329283
0.338912
0.339068
0.335478
0.333138
0.329714
0.331651
0.332119
0.334037
0.335529
0.339918
0.333966
0.337096
0.331802
0.333522
0.333926
0.332602
0.335501
0.330139
0.330845
0.334281
0.335024
0.331988
0.336146
0.335385
0.336282
0.330985
0.330891
0.335648
0.336913
0.339827
0.330981
0.326854
0.333653
0.328411
0.329716
0.32599
0.333264
0.328727
0.334486
0.334335
0.328964
0.327279
0.330914
0.332646
0.332912
0.334442
0.337605
0.332288
0.329355
0.331995
0.327833
0.331532
0.333968
0.335438
0.33203
0.331655
0.336733
0.332215
0.330684
0.329142
0.334722
0.333658
0.329765
0.335669
0.333062
0.332057
0.328581
0.328353
0.330693
0.330091
0.334946
0.332081
0.333037
0.332574
0.33755
0.333311
0.334119
0.331363
0.33477
0.334831
0.336429
0.328188
0.334136
0.334726
0.335827
0.330978
0.338324
0.336321
0.333324
0.330996
0.331544
0.329541
0.328394
0.337878
0.330323
0.327879
0.330778
0.327859
0.334458
0.335675
0.33002
0.330739
0.33226
0.33077
0.335136
0.330062
0.331925
0.334905
0.331583
0.333131
0.330881
0.337161
0.334081
0.338777
0.333068
0.334911
0.336118
0.334728
0.331809
0.334596
0.332041
0.336791
0.333772
0.337313
0.331416
0.336515
0.333939
0.328957
0.332241
0.333926
0.334549
0.328735
0.335049
0.327808
0.33166
0.332314
0.335117
0.335501
0.330837
0.33479
0.325441
0.33045
0.334268
0.33348
0.332004
0.329226
0.333733
0.332108
0.34217
0.330893
0.335032
0.326512
0.331403
0.329763
0.337525
0.334054
0.332698
0.340136
0.336636
0.333927
0.333627
0.337258
0.32888
0.332071
0.3325
0.325841
0.334295
0.33223
0.339364
0.331786
0.333774
0.328071
0.336566
0.337088
0.333272
0.331093
0.328988
0.333642
0.333401
0.335743
0.334051
0.337708
0.332284
0.33177
0.338027
0.331425
0.333524
0.334655
0.331974
0.332207
0.338418
0.338104
0.332885
0.327194
0.328608
0.33334
0.330166
0.334334
0.333338
0.333768
0.339726
0.332608
0.332616
0.338312
0.332306
0.337245
0.332627
0.340956
0.332115
0.340673
0.333279
0.33249
0.330472
0.329962
0.329105
0.331509
0.329937
0.336208
0.329697
0.330936
0.329759
0.329847
0.33052
0.336388
0.331388
0.329141
0.335472
0.331238
0.332896
0.327972
0.333441
0.33698
0.3368
0.330792
0.333058
0.328856
0.339988
0.33737
0.336501
0.332423
0.335195
0.334207
0.338839
0.331468
0.334316
0.331656
0.3322
0.33408
0.334815
0.333171
0.333026
0.338156
0.329491
0.331545
0.326653
0.336175
0.331657
0.33876
0.329674
0.334871
0.331788
0.336724
0.33537
0.330378
0.328382
0.332365
0.329882
0.334327
0.334593
0.332447
0.335412
0.330968
0.335004
0.33188
0.337345
0.335659
0.332726
0.32791
0.332266
0.332931
0.334001
0.329521
0.333086
0.331687
0.329655
0.3347
0.329691
0.335244
0.335981
0.337326
0.33567
0.332361
0.328826
0.32949
0.334286
0.32958
0.332711
0.335973
0.33078
0.332974
0.329865
0.335372
0.337674
0.334991
0.326893
0.32892
0.333941
0.332679
0.331632
0.332213
0.328659
0.338827
0.328931
0.333602
0.330209
0.333088
0.334877
0.331695
0.33876
0.331692
0.336081
0.332912
0.334005
0.331853
0.330977
0.331358
0.336195
0.331348
0.335027
0.333264
0.323463
0.333629
0.336058
0.332158
0.330778
0.327123
0.334183
0.333137
0.332111
0.330688
0.33595
0.33608
0.330472
0.33308
0.333603
0.330231
0.332257
0.336675
0.33654
0.32828
0.33604
0.32944
0.332913
0.331499
0.337429
0.336196
0.329934
0.331947
0.334134
0.33508
0.338861
0.335025
0.337025
0.332752
0.332501
0.329672
0.337033
0.33311
0.338304
0.335105
0.332111
0.33377
0.326613
0.331959
0.335081
0.332827
0.33254
0.332947
0.335196
0.331981
0.331901
0.330948
0.330124
0.330227
0.335651
0.335812
0.328054
0.337556
0.330723
0.337015
0.331384
0.330655
0.336819
0.332862
0.335024
0.33857
0.334408
0.33815
0.329835
0.332009
0.330443
0.332727
0.336296
0.333563
0.333059
0.335083
0.330903
0.335668
0.335576
0.335663
0.33743
0.332776
0.33356
0.335594
0.33143
0.333254
0.336584
0.336519
0.332666
0.328079
0.333778
0.331837
0.327948
0.332578
0.3324
0.329885
0.331382
0.332483
0.330863
0.329386
0.332055
0.333026
0.330083
0.332208
0.332162
0.327534
0.334669
0.32801
0.333648
0.332172
0.333317
0.338209
0.330802
0.33456
0.332709
0.333884
0.333933
0.335203
0.332727
0.3309
0.330894
0.332659
0.332433
0.328967
0.331277
0.330696
0.338306
0.338688
0.328581
0.326913
0.334503
0.329966
0.332041
0.332606
0.338795
0.333102
0.330748
0.334498
0.337649
0.331633
0.329136
0.333282
0.331383
0.338821
0.332187
0.339204
0.332278
0.335428
0.339999
0.335862
0.335894
0.3283
0.328205
0.332755
0.331556
0.329305
0.331077
0.336823
0.330225
0.333084
0.331023
0.340098
0.332131
0.335161
0.333835
0.333447
0.334191
0.33225
0.337828
0.333739
0.329255
0.336664
0.330986
0.330702
0.331994
0.337475
0.332826
0.338465
0.333929
0.334068
0.337065
0.329849
0.331145
0.328835
0.333383
0.338655
0.332679
0.331785
0.330329
0.33149
0.334486
0.33355
0.330261
0.333361
0.333591
0.329869
0.329414
0.329232
0.333864
0.334108
0.329269
0.332106
0.327101
0.330594
0.337858
0.32757
0.331289
0.33747
0.328904
0.33318
0.333226
0.335195
0.330987
0.337978
0.328913
0.328453
0.335378
0.335886
0.336469
0.335908
0.335044
0.331785
0.332428
0.330551
0.326528
0.334176
0.331402
0.339992
0.332075
0.331066
0.336386
0.338068
0.332853
0.336102
0.337623
0.333174
0.336571
0.330867
0.329849
0.337667
0.333013
0.334851
0.332299
0.330237
0.338469
0.32376
0.336428
0.336165
0.331035
0.33584
0.333179
0.336564
0.331108
0.33242
0.334454
0.332834
0.330214
0.334531
0.33603
0.33226
0.33402
0.335881
0.330412
0.334359
0.330943
0.32982
0.333857
0.331688
0.328739
0.335616
0.331287
0.3327
0.335526
0.333796
0.332125
0.334171
0.331994
0.334735
0.332068
0.337908
0.337993
0.32947
0.332262
0.33329
0.335282
0.335283
0.332604
0.328174
0.326541
0.333956
0.332623
0.32881
0.338308
0.331637
0.328818
0.337659
0.33278
0.323241
0.331815
0.336775
0.333169
0.333779
0.336216
0.33831
0.334027
0.336161
0.328523
0.335836
0.338963
0.336619
0.331575
0.330685
0.329541
0.332898
0.334527
0.330072
0.333357
0.333188
0.332831
0.332043
0.33419
0.338402
0.330587
0.333437
0.330533
0.330391
0.331529
0.33363
0.32821
0.334069
0.334849
0.331937
0.33239
0.331083
0.334977
0.328787
0.33089
0.336625
0.331178
0.331488
0.3339
0.332922
0.328718
0.331573
0.334506
0.330368
0.333928
0.332625
0.329849
0.330436
0.330845
0.332765
0.331167
0.334007
0.334242
0.32723
0.336351
0.336945
0.334798
0.335706
0.327706
0.328776
0.329709
0.332949
0.334104
0.334763
0.331375
0.333349
0.333796
0.327917
0.331477
0.333238
0.332903
0.330337
0.333615
0.329702
0.331862
0.326781
0.329572
0.338722
0.331283
0.330641
0.329049
0.333598
0.33778
0.335436
0.334791
0.338234
0.331272
0.332265
0.334416
0.336368
0.32904
0.333459
0.336019
0.334612
0.336434
0.339418
0.337613
0.333154
0.337456
0.332579
0.331321
0.333209
0.33184
0.329324
0.332699
0.33362
0.332034
0.335715
0.332655
0.335749
0.332268
0.339672
0.330824
0.333748
0.330515
0.332614
0.33427
0.326963
0.330244
0.335913
0.328347
0.3325
0.338217
0.332315
0.329626
0.331868
0.335529
0.334077
0.329101
0.336404
0.32923
0.331625
0.338865
0.338224
0.333153
0.32906
0.329156
0.336801
0.335064
0.331783
0.332214
0.331867
0.329418
0.332206
0.334026
0.33418
0.327832
0.331699
0.335481
0.328369
0.33043
0.335109
0.327824
0.328857
0.333609
0.337355
0.329497
0.331294
0.33078
0.334319
0.340142
0.337489
0.330079
0.327628
0.33487
0.330779
0.330324
0.334986
0.335905
0.332837
0.331191
0.336902
0.334892
0.335776
0.332764
0.336888
0.334015
0.336998
0.330727
0.328366
0.334732
0.335165
0.335522
0.332409
0.331197
0.333227
0.332248
0.340127
0.327364
0.339998
0.33514
0.334803
0.338595
0.336569
0.333538
0.328971
0.332121
0.330905
0.332229
0.331204
0.336599
0.333611
0.333749
0.335343
0.338528
0.332031
0.334401
0.336401
0.330619
0.332011
0.336878
0.328549
0.3329
0.327772
0.332586
0.33535
0.336536
0.331519
0.329131
0.33214
0.338124
0.332524
0.330403
0.334197
0.334074
0.332651
0.330655
0.333883
0.335036
0.330952
0.331969
0.334845
0.329905
0.3377
0.336031
0.326596
0.327853
0.331488
0.329824
0.33953
0.334785
0.336412
0.332844
0.336957
0.333529
0.33126
0.335603
0.329536
0.336505
0.328987
0.328136
0.328389
0.336985
0.336076
0.33346
0.331849
0.330498
0.329526
0.328652
0.329465
0.330996
0.335415
0.335211
0.336455
0.328859
0.334969
0.335975
0.335875
0.332371
0.332543
0.332096
0.339258
0.329829
0.331531
0.334674
0.331521
0.333512
0.329273
0.331329
0.334732
0.331596
0.336795
0.334259
0.335123
0.333579
0.328382
0.328921
0.331532
0.334948
0.330369
0.331485
0.341672
0.335178
0.335107
0.329808
0.32914
0.329589
0.328711
0.333697
0.337787
0.332361
0.334687
0.332339
0.329345
0.325217
0.333135
0.32925
0.337223
0.33142
0.33217
0.332317
0.33566
0.33186
0.329673
0.331975
0.337177
0.333447
0.332186
0.336714
0.337597
0.339678
0.329746
0.34098
0.332372
0.330196
0.33031
0.335064
0.330641
0.337852
0.330681
0.334257
0.335756
0.330459
0.332204
0.334949
0.335515
0.332268
0.335142
0.328389
0.334809
0.333801
0.329567
0.334494
0.33307
0.331818
0.333211
0.333555
0.338248
0.337909
0.32864
0.342673
0.333889
0.330876
0.334569
0.332191
0.332817
0.336131
0.331643
0.330831
0.336529
0.33485
0.326572
0.332862
0.32865
0.335724
0.334764
0.33224
0.338768
0.3282
0.333289
0.331308
0.33595
0.333375
0.332958
0.333296
0.334927
0.332513
0.331036
0.332917
0.330881
0.335181
0.330521
0.333202
0.333879
0.332579
0.334736
0.332986
0.336189
0.331263
0.334189
0.334823
0.329139
0.330715
0.330561
0.333243
0.334236
0.327812
0.32704
0.335735
0.332748
0.334511
0.333846
0.328446
0.335081
0.334449
0.33423
0.331175
0.33043
0.331545
0.332762
0.330636
0.328015
0.331832
0.336345
0.334282
0.329009
0.328664
0.333557
0.330492
0.334706
0.336902
0.331787
0.335281
0.331773
0.339592
0.327697
0.334107
0.332628
0.334369
0.329855
0.335141
0.331667
0.339535
0.3325
0.333452
0.333059
0.335448
0.330086
0.335136
0.340539
0.333287
0.335323
0.334984
0.326995
0.340511
0.333452
0.332598
0.330198
0.333945
0.335238
0.339642
0.330986
0.329491
0.335686
0.334502
0.338302
0.333093
0.329046
0.33395
0.334616
0.338488
0.33475
0.333783
0.330061
0.332595
0.334192
0.334374
0.327673
0.338391
0.334973
0.332499
0.334031
0.329169
0.327544
0.326806
0.33208
0.334832
0.334873
0.334014
0.334331
0.329093
0.331571
0.334145
0.332758
0.337042
0.330073
0.332021
0.335774
0.333787
0.331732
0.33149
0.330382
0.335291
0.331918
0.332669
0.337071
0.335356
0.334664
0.331431
0.327231
0.329679
0.341775
0.329954
0.335745
0.334749
0.335145
0.335534
0.332654
0.332462
0.335648
0.334232
0.335351
0.333905
0.334829
0.329137
0.33347
0.332403
0.340367
0.331529
0.334581
0.331929
0.331677
0.331283
0.332326
0.330882
0.332385
0.33057
0.339158
0.335286
0.330121
0.33088
0.32795
0.330099
0.330086
0.334147
0.333598
0.338433
0.332678
0.333435
0.331908
0.338331
0.335288
0.332965
0.33881
0.334335
0.334093
0.333513
0.335321
0.340738
0.336185
0.334456
0.334766
0.336825
0.332535
0.339021
0.338306
0.328766
0.333003
0.335281
0.330869
0.335564
0.329132
0.336111
0.336722
0.335485
0.333784
0.331178
0.335473
0.337762
0.330892
0.329915
0.332176
0.334986
0.337129
0.332702
0.330528
0.334164
0.332668
0.337434
0.339736
0.338391
0.337652
0.337234
0.332522
0.336097
0.333517
0.332492
0.333508
0.334725
0.334269
0.332929
0.335003
0.329267
0.335373
0.331705
0.333151
0.332431
0.333775
0.331163
0.332252
0.33328
0.334306
0.33524
0.333545
0.335227
0.332854
0.329995
0.328726
0.335182
0.334886
0.328982
0.333627
0.333044
0.334226
0.332516
0.332741
0.336574
0.33287
0.333359
0.336407
0.330934
0.336339
0.33242
0.338437
0.329284
0.335683
0.333356
0.334654
0.336631
0.333535
0.335677
0.329524
0.33292
0.334328
0.337876
0.334205
0.333541
0.334985
0.339019
0.335589
0.330933
0.336815
0.336603
0.330432
0.335143
0.337286
0.33259
0.333223
0.330935
0.331393
0.332541
0.335812
0.332345
0.333193
0.33645
0.333007
0.330143
0.327198
0.333149
0.330473
0.338248
0.327742
0.333373
0.329562
0.333791
0.334613
0.335801
0.332647
0.340609
0.33276
0.329229
0.332265
0.32825
0.334758
0.33551
0.334302
0.330616
0.328151
0.330263
0.331693
0.328776
0.331625
0.335056
0.336725
0.329726
0.336076
0.332686
0.323849
0.338244
0.336118
0.333445
0.331238
0.331256
0.333674
0.33155
0.328054
0.334633
0.32929
0.328823
0.333131
0.33705
0.328319
0.334096
0.331235
0.330553
0.333094
0.329243
0.339739
0.326961
0.334454
0.329746
0.330871
0.332674
0.33115
0.335628
0.331954
0.33445
0.334844
0.330985
0.340012
0.331974
0.332298
0.330293
0.334211
0.330244
0.330737
0.333459
0.332384
0.332471
0.335908
0.332807
0.338676
0.332746
0.333143
0.338421
0.340347
0.328906
0.333324
0.335729
0.331226
0.331872
0.331274
0.33124
0.330881
0.335635
0.333193
0.336055
0.332737
0.328061
0.333842
0.332624
0.334484
0.337082
